# Data file generated by gp_save.m
# x/m y/m phi/deg phi_error/deg phi_std/deg
-2	-3.1	-26.46943734841954	0.4660915039080926	0.2688457275662531
-2	-2.95	-27.52107937767482	0.6666580371562247	0.2415992354378059
-2	-2.8	-30.04769186113085	2.28915126007081	0.8403077168159195
-2	-2.65	-32.17321356571817	3.452886767848689	0.5490354942045066
-2	-2.5	-31.84282467893535	2.097943381993144	0.4223814554732436
-2	-2.35	-32.64149545755944	1.803663512872198	0.1750218413985664
-2	-2.2	-35.21391811558683	3.208534907503328	0.1801896764122863
-2	-2.05	-37.82050606097812	4.566139486266053	0.537528327341287
-2	-1.9	-40.93008120525845	6.337792517748497	0.2255436698834333
-2	-1.75	-41.0537786762374	5.026405291133784	0.3248583539750342
-2	-1.6	-40.94490820479634	3.376316175968853	0.364317869734049
-2	-1.45	-41.40228312131016	2.176609023973434	0.8010455535231512
-2	-1.3	-41.50332958373506	0.4942426821648596	0.639200481027736
-2	-1.15	-42.40620645822996	0.5237628887289461	0.5141203404513687
-2	-1	-45.40458707228203	0.4045870722820268	0.4133387737623858
-2	-0.8500000000000001	-49.50788960870315	2.276715000671913	0.8288980414901308
-2	-0.7000000000000002	-54.76584301310678	5.130379586204143	0.5235653744107907
-2	-0.5500000000000003	-60.16596691780666	7.94165122376134	0.397315370609332
-2	-0.4000000000000004	-66.95494171775324	11.94696191631192	0.8963441045900757
-2	-0.25	-74.99004742422382	16.99543063230731	0.6827792735785078
-2	-0.1	-80.68749517692059	19.49828891989366	0.2064960928917225
-1.851851851851852	-3.1	-25.11591209457687	0.8085893562453421	0.1042636101761165
-1.851851851851852	-2.95	-25.89886720385895	0.780591377755453	0.2706493966494436
-1.851851851851852	-2.8	-27.17848527086035	1.19714832916263	0.3447413065815256
-1.851851851851852	-2.65	-27.82789697798472	0.9266340375412589	0.3518339939698465
-1.851851851851852	-2.5	-30.78175268783914	2.898412067390943	0.4583155811817248
-1.851851851851852	-2.35	-30.49563722124328	1.56218843607229	0.344888999012021
-1.851851851851852	-2.2	-30.91649842486374	0.8583729453770808	0.07404261893976255
-1.851851851851852	-2.05	-33.42026290210661	2.155623422389365	0.7073323448686992
-1.851851851851852	-1.9	-35.01151422679684	2.450449986972849	0.7429288382412155
-1.851851851851852	-1.75	-41.0367466495912	7.080395466017173	0.161490574570364
-1.851851851851852	-1.6	-41.64126844079585	6.180871124634542	0.277074836405767
-1.851851851851852	-1.45	-41.90354691085023	4.819447517541484	0.4518528201838555
-1.851851851851852	-1.3	-41.19632826552886	2.356945188616173	0.397616710164589
-1.851851851851852	-1.15	-41.00475009412308	0.2655597357926709	1.912182321289503
-1.851851851851852	-1	-41.1779041665872	1.61949767164699	0.5294241318750812
-1.851851851851852	-0.8500000000000001	-44.220671684969	0.8079905335070734	0.7968366006806126
-1.851851851851852	-0.7000000000000002	-50.13108804613081	2.683019978508156	1.133414615015787
-1.851851851851852	-0.5500000000000003	-54.58684673742611	4.516178771162252	0.5189646011842027
-1.851851851851852	-0.4000000000000004	-61.53037882113025	8.619659362355833	0.7258451310509922
-1.851851851851852	-0.25	-71.12809517747519	15.14744516730163	0.8957043154793924
-1.851851851851852	-0.1	-79.5558927188885	20.26620451867224	0.6334324720445802
-1.703703703703704	-3.1	-22.59557234396978	0.03085603731067366	0.7044792106948532
-1.703703703703704	-2.95	-24.18100065693451	0.8496238251441	0.5494134820231853
-1.703703703703704	-2.8	-25.04161686901158	0.8928681150905646	0.1827088370586541
-1.703703703703704	-2.65	-26.45443709458032	1.432769631252103	0.5355855066198062
-1.703703703703704	-2.5	-28.79557243662353	2.840027836220752	1.571300263939796
-1.703703703703704	-2.35	-29.52481083707952	2.568366637267221	0.9600890586801835
-1.703703703703704	-2.2	-30.52053378956505	2.489365918313499	0.5144207738441592
-1.703703703703704	-2.05	-30.51936285081864	1.332013786243852	0.1167978496699421
-1.703703703703704	-1.9	-31.3700492259231	0.9364934603684993	0.8482919150673801
-1.703703703703704	-1.75	-34.58152522488216	2.802125412219802	1.20158768446373
-1.703703703703704	-1.6	-36.73156681606354	3.495917623166825	3.613844846233916
-1.703703703703704	-1.45	-42.97601884490676	8.161681988805086	0.3259453023377439
-1.703703703703704	-1.3	-38.41153942154807	1.882684054562908	2.304403129452308
-1.703703703703704	-1.15	-43.78774049629196	5.393719929625767	2.058932890976485
-1.703703703703704	-1	-41.80070529483425	1.374626554735116	1.948520671706911
-1.703703703703704	-0.8500000000000001	-39.74999111592131	2.892628911772128	0.4979271632385484
-1.703703703703704	-0.7000000000000002	-42.79364272553642	2.268703038227962	0.4270233236381279
-1.703703703703704	-0.5500000000000003	-46.86855149695155	0.8360682888730366	0.9134139398280928
-1.703703703703704	-0.4000000000000004	-55.18952595382753	4.600809733809513	0.3440558561914785
-1.703703703703704	-0.25	-64.06698735006947	10.3343223262547	1.161674485828494
-1.703703703703704	-0.1	-76.99707760059388	19.84547436431024	0.5942290038402497
-1.555555555555556	-3.1	-21.70526504847855	0.9283297211107993	0.7123420168126063
-1.555555555555556	-2.95	-21.94914751032491	0.4540551904033947	0.5151752884638353
-1.555555555555556	-2.8	-23.35751414121153	1.095444997085927	0.8995175102031093
-1.555555555555556	-2.65	-24.56964265509835	1.486928720849484	0.6589396617164134
-1.555555555555556	-2.5	-26.20931939855213	2.246830423973957	0.1483508835051188
-1.555555555555556	-2.35	-27.01855357822317	2.110993122326992	0.7965821260231677
-1.555555555555556	-2.2	-28.62724182970152	2.70234032214708	0.9743172852240616
-1.555555555555556	-2.05	-29.06762182251231	2.045212018275006	0.2457851736920023
-1.555555555555556	-1.9	-29.54768899115654	1.338648320972759	0.02587925446837899
-1.555555555555556	-1.75	-30.70667193676306	1.211716119075351	0.06154894560512145
-1.555555555555556	-1.6	-33.76873744987854	2.87705104270443	0.4948393405002232
-1.555555555555556	-1.45	-32.86069312839486	0.4483865100436475	1.283219282721271
-1.555555555555556	-1.3	-36.25521361656771	2.183603809173526	2.011888268821866
-1.555555555555556	-1.15	-39.04211997075792	3.155847188849521	2.88396130034088
-1.555555555555556	-1	-41.33213910984058	3.457155458742392	3.611295022751881
-1.555555555555556	-0.8500000000000001	-46.5712283521399	6.512734625894204	1.059487502802519
-1.555555555555556	-0.7000000000000002	-37.88170653583094	4.577826059558703	0.4666412469196764
-1.555555555555556	-0.5500000000000003	-41.88409184224358	3.218404970625777	1.074685253690969
-1.555555555555556	-0.4000000000000004	-46.32166451192709	1.69112299225624	0.7340452551211265
-1.555555555555556	-0.25	-51.47918473813057	0.2635488384279157	1.434462143819489
-1.555555555555556	-0.1	-64.2271557520024	9.492923411348059	2.525891510974511
-1.407407407407407	-3.1	-19.51864362383596	0.5728300026006821	0.1208068577717476
-1.407407407407407	-2.95	-20.36268256994165	0.7514107733247464	0.1973671377697876
-1.407407407407407	-2.8	-20.27128248398254	0.05185434568039682	0.2317292486775468
-1.407407407407407	-2.65	-21.15798447521629	0.07179064575946015	0.8232685755124872
-1.407407407407407	-2.5	-23.37762845180978	1.471760048353921	1.362270273752169
-1.407407407407407	-2.35	-24.9582940131986	2.169965403547678	1.121137494376795
-1.407407407407407	-2.2	-26.17795120396638	2.437346669059796	0.2946651623712782
-1.407407407407407	-2.05	-28.40342800509732	3.632699725310857	2.488684800462384
-1.407407407407407	-1.9	-29.89353338135564	4.005636146715865	0.09571989705836538
-1.407407407407407	-1.75	-28.55782887763641	1.455165520810578	0.4199797918156504
-1.407407407407407	-1.6	-29.45548336167675	1.028332902743376	0.175944792281461
-1.407407407407407	-1.45	-32.25099894330778	2.375699057987219	0.286627662829778
-1.407407407407407	-1.3	-32.61313993704368	1.149998208349899	0.6789764786177844
-1.407407407407407	-1.15	-34.96616040287428	1.75707752825064	1.868242376538469
-1.407407407407407	-1	-39.2296301085319	4.095437051616265	0.4572223883714429
-1.407407407407407	-0.8500000000000001	-34.4114950309928	2.850958377866569	2.344648291231233
-1.407407407407407	-0.7000000000000002	-38.62457759759867	0.9963278915752127	2.842403453558137
-1.407407407407407	-0.5500000000000003	-42.5806283561991	0.3410297724008018	3.137569340671889
-1.407407407407407	-0.4000000000000004	-34.51644926803188	10.63472658039302	0.4609976612719845
-1.407407407407407	-0.25	-37.91797853745853	10.47188726335938	4.279399297349088
-1.407407407407407	-0.1	-14.90930121259385	37.08026437324637	3.333529751512684
-1.259259259259259	-3.1	-17.89117216913267	0.8175439680753662	0.4371193963436614
-1.259259259259259	-2.95	-20.19384171978479	2.511569966063725	0.9247959371412479
-1.259259259259259	-2.8	-20.08206925051848	1.747698053099199	0.2596989457062023
-1.259259259259259	-2.65	-19.48238100382837	0.447816761934078	0.4260819920730867
-1.259259259259259	-2.5	-19.27403248995984	0.5141082867418625	0.1992184352923088
-1.259259259259259	-2.35	-20.61399301148821	0.01283847869177634	0.4363373916605356
-1.259259259259259	-2.2	-24.01251180681241	2.531955331778434	1.025057718954316
-1.259259259259259	-2.05	-24.77921616308488	2.344861854288293	0.4427784405183582
-1.259259259259259	-1.9	-25.55415332164278	2.082350117242949	0.5419142081137001
-1.259259259259259	-1.75	-28.62649353851447	4.022860029206822	1.348818389048644
-1.259259259259259	-1.6	-31.54640656095501	5.704084910320834	0.8642842471586428
-1.259259259259259	-1.45	-30.48062254409717	3.27821225757102	0.1217288160437615
-1.259259259259259	-1.3	-31.49787010699031	2.796987687419403	0.9755973729381994
-1.259259259259259	-1.15	-31.21480453760848	0.8572140058185873	0.7946345119359158
-1.259259259259259	-1	-31.76370655880051	0.4320273759127318	0.3531989058324362
-1.259259259259259	-0.8500000000000001	-37.53536066937126	3.292998397850077	1.661517985592188
-1.259259259259259	-0.7000000000000002	-38.29311590038966	1.764260533404496	2.804097364601706
-1.259259259259259	-0.5500000000000003	-35.29602291987294	3.79525879023771	2.311303415812823
-1.259259259259259	-0.4000000000000004	-45.51595313098154	3.545493786591855	1.892362378535476
-1.259259259259259	-0.25	-78.11560025521838	32.90417767417907	0.6584235819545439
-1.259259259259259	-0.1	-37.25764730277378	11.60418395264151	3.803118022876716
-1.111111111111111	-3.1	-16.64720734752213	1.484098305356358	0.3848935910327886
-1.111111111111111	-2.95	-16.562656849225	0.8516853700185862	0.5400415247600538
-1.111111111111111	-2.8	-17.32490992121867	1.026113539681351	0.6038947390888647
-1.111111111111111	-2.65	-17.75449941036229	0.8235161881725404	0.936993762143921
-1.111111111111111	-2.5	-19.79098859114536	2.178410748221527	0.4058384916899184
-1.111111111111111	-2.35	-20.52137734619654	2.171987114999947	0.1426833427071909
-1.111111111111111	-2.2	-20.88354175895713	1.735404301017528	0.3004006135451754
-1.111111111111111	-2.05	-20.75576327748062	0.7391455562943534	0.1604795202897485
-1.111111111111111	-1.9	-22.36037157511961	1.39644871821644	0.6876494192738655
-1.111111111111111	-1.75	-23.5841472405811	1.583448890040515	0.4947027942059694
-1.111111111111111	-1.6	-25.57517797032552	2.435716207113831	1.868731812518731
-1.111111111111111	-1.45	-29.56334274926765	5.168350339015255	0.4255972502088297
-1.111111111111111	-1.3	-34.85208408375621	9.067277389278587	2.231309368556207
-1.111111111111111	-1.15	-35.64712011489111	8.317386279963884	1.002416236977781
-1.111111111111111	-1	-34.48071347808254	5.426109379005396	0.227729972201142
-1.111111111111111	-0.8500000000000001	-33.75974104598866	2.770688365663361	0.1131790333868041
-1.111111111111111	-0.7000000000000002	-32.95072230370858	0.2176985175509003	1.557587929199007
-1.111111111111111	-0.5500000000000003	-38.57140732633049	2.936716793483527	2.146092034703627
-1.111111111111111	-0.4000000000000004	-43.96442713038908	5.527125639326556	0.8858313689461604
-1.111111111111111	-0.25	-47.58345061940261	5.949911282832417	4.19165925473857
-1.111111111111111	-0.1	-46.29798320950105	1.010067142943967	2.887951172120173
-0.962962962962963	-3.1	-13.90272839118804	0.6852895078408174	0.09531699118473408
-0.962962962962963	-2.95	-14.10816348297588	0.4073863886767128	0.08388035700539373
-0.962962962962963	-2.8	-15.26866550913707	1.048614029889421	0.4095942498871104
-0.962962962962963	-2.65	-16.4089098393204	1.629580958709401	0.5064677261542859
-0.962962962962963	-2.5	-17.2876282850049	1.904331318123585	0.4816914268536718
-0.962962962962963	-2.35	-18.16760912600315	2.13022562628694	0.2405313971085788
-0.962962962962963	-2.2	-19.03906451166662	2.29116145326666	0.2585309309723872
-0.962962962962963	-2.05	-20.0201716284747	2.497933146330514	0.5691222543415404
-0.962962962962963	-1.9	-20.27652569610114	1.907459304295777	0.2125004725380542
-0.962962962962963	-1.75	-21.19473460324986	1.896095735728256	0.2085840390796268
-0.962962962962963	-1.6	-21.23182132577255	0.9086844961096112	0.7169366753358183
-0.962962962962963	-1.45	-22.68931341633624	1.232198395633255	0.4993841534192321
-0.962962962962963	-1.3	-27.24774910072869	4.529685357991593	0.1083546947453564
-0.962962962962963	-1.15	-29.14317076804021	5.016052342902615	0.2513569200672561
-0.962962962962963	-1	-31.63176514448027	5.921811363669004	0.2603197498789623
-0.962962962962963	-0.8500000000000001	-34.31150722156965	6.813604818799476	2.224910591292268
-0.962962962962963	-0.7000000000000002	-39.56903182572795	10.03969911740576	1.754768232368237
-0.962962962962963	-0.5500000000000003	-38.01925700482305	6.167960611991578	1.048299248718775
-0.962962962962963	-0.4000000000000004	-32.44904812111724	2.072338759355453	1.602039587988046
-0.962962962962963	-0.25	-20.74147720900995	16.86811358170234	2.121098920735863
-0.962962962962963	-0.1	-15.69548556750833	25.50409445483341	0.7670417889830197
-0.8148148148148149	-3.1	-11.60431473547547	0.3640730101609932	0.07562086629962754
-0.8148148148148149	-2.95	-11.59392039342551	0.06169156276982157	0.06170599447840286
-0.8148148148148149	-2.8	-11.8647838983529	0.2376004123086428	0.09825766675169613
-0.8148148148148149	-2.65	-12.46727741041678	0.1169212278898328	0.3268954264088842
-0.8148148148148149	-2.5	-13.45938312005568	0.3541141298369617	0.6050245956128011
-0.8148148148148149	-2.35	-15.68256734932439	2.012068417931308	0.2154692408485832
-0.8148148148148149	-2.2	-15.95549312916389	1.669868082569069	0.371459262419588
-0.8148148148148149	-2.05	-16.36971512960896	1.412318381963097	0.5276175534458903
-0.8148148148148149	-1.9	-17.95612238280044	2.262319235232752	0.3048915123364164
-0.8148148148148149	-1.75	-19.05523967732945	2.550878295574432	0.3864074856051701
-0.8148148148148149	-1.6	-20.36656086334083	2.966075177002729	0.1926539389692473
-0.8148148148148149	-1.45	-19.56502238321698	1.169059115298928	1.209693651365409
-0.8148148148148149	-1.3	-21.54608482200012	2.038512691334052	0.5695070942447504
-0.8148148148148149	-1.15	-22.6295814078599	1.873693122176018	0.9396371833405175
-0.8148148148148149	-1	-24.22721719647374	2.060871374391283	0.7562204928611923
-0.8148148148148149	-0.8500000000000001	-25.74160022918038	1.970966928799033	1.144640478206426
-0.8148148148148149	-0.7000000000000002	-29.24050700114888	3.63197487057537	0.6716933869519071
-0.8148148148148149	-0.5500000000000003	-41.65499724111991	13.92467698921021	9.295505582680516
-0.8148148148148149	-0.4000000000000004	-58.50175066187914	28.30189259073563	8.675466771095433
-0.8148148148148149	-0.25	-24.17850221875442	8.919891543078002	7.480099251582871
-0.8148148148148149	-0.1	-25.33684592692873	11.19200944005643	3.194310875560029
-0.6666666666666667	-3.1	-10.68876559999257	1.453206506826646	0.0799804408342103
-0.6666666666666667	-2.95	-10.57269137033084	0.9927993283188101	0.1351233061853656
-0.6666666666666667	-2.8	-10.76345527953752	0.8128285915859177	0.1346530141674614
-0.6666666666666667	-2.65	-10.2887402105127	0.06214544441782266	0.1701055345341962
-0.6666666666666667	-2.5	-10.65587877785054	0.1284190897120538	0.1771209745051217
-0.6666666666666667	-2.35	-11.30286525284047	0.04776125922593977	0.2481671506932243
-0.6666666666666667	-2.2	-12.82958415285664	1.061295220836	0.3131006927842715
-0.6666666666666667	-2.05	-13.64344540997174	1.313695774899426	0.5066890329685333
-0.6666666666666667	-1.9	-14.08874280430041	1.142233288663485	0.3735244244771149
-0.6666666666666667	-1.75	-12.99371810916125	0.6332767507302801	1.065743725215396
-0.6666666666666667	-1.6	-13.37680158675456	1.004593004336044	0.9370113083603608
-0.6666666666666667	-1.45	-15.32908591712704	0.1069526908586234	0.6829322997264219
-0.6666666666666667	-1.3	-14.68545990181217	1.479039250444742	2.05939427952105
-0.6666666666666667	-1.15	-17.39352089090004	0.1660326644490837	1.120697359326654
-0.6666666666666667	-1	-16.98349992784281	1.451448895079199	2.461242382781083
-0.6666666666666667	-0.8500000000000001	-15.77790881699667	4.039243702622306	0.8362395426599766
-0.6666666666666667	-0.7000000000000002	-21.64729370829677	0.2343242334250064	0.3537333544042823
-0.6666666666666667	-0.5500000000000003	-23.86993216055082	0.5970280964688435	0.3436766563411946
-0.6666666666666667	-0.4000000000000004	-19.31651851606905	6.146826545802575	0.9681205522599658
-0.6666666666666667	-0.25	-17.2649567534442	10.80753018240877	8.458168994281193
-0.6666666666666667	-0.1	-30.45132104002313	0.7670817243232264	5.679548326862617
-0.5185185185185186	-3.1	-9.059225707027828	1.851412046521973	0.06405456822492289
-0.5185185185185186	-2.95	-9.450104314620603	1.971618718017021	0.03293041729907004
-0.5185185185185186	-2.8	-10.22010487856098	2.449954884894822	0.1351493723894227
-0.5185185185185186	-2.65	-10.47091318606516	2.385582690001385	0.2045263895707492
-0.5185185185185186	-2.5	-11.31060415675112	2.883635135270444	0.2634831443355477
-0.5185185185185186	-2.35	-12.03271106229681	3.234195649495144	0.2769700437350596
-0.5185185185185186	-2.2	-11.4161065759177	2.212065621449389	0.3055236877218702
-0.5185185185185186	-2.05	-12.60482023864733	2.956436814561961	0.1393951650205401
-0.5185185185185186	-1.9	-11.51001900732546	1.372684741739295	0.198960011765804
-0.5185185185185186	-1.75	-11.43128316844726	0.753400494133226	0.239090358789471
-0.5185185185185186	-1.6	-10.93422180281307	0.3443157266707892	0.899438694324508
-0.5185185185185186	-1.45	-10.14136255085749	1.808394670636366	0.2712819676512846
-0.5185185185185186	-1.3	-11.3106811007214	1.393850036206759	0.5393514320835209
-0.5185185185185186	-1.15	-11.84306582759357	1.716111703560477	0.3880650112360198
-0.5185185185185186	-1	-11.89713979105687	2.637315289483254	0.6366685371205951
-0.5185185185185186	-0.8500000000000001	-16.35859520386192	0.701458438594452	1.110604092504238
-0.5185185185185186	-0.7000000000000002	-12.65730078653904	4.304976116333425	12.49233481602209
-0.5185185185185186	-0.5500000000000003	-17.36385946746633	1.132675622865637	1.39501994520779
-0.5185185185185186	-0.4000000000000004	-21.57518767112389	1.252050841460957	1.973720733904661
-0.5185185185185186	-0.25	-18.80899920778231	3.72039879515453	0.2502606143708617
-0.5185185185185186	-0.1	-2.646293963795062	22.59198044937884	0.1954083261806461
-0.3703703703703705	-3.1	-7.053423634064781	1.891663164313968	0.2524742428426395
-0.3703703703703705	-2.95	-7.419456967707839	2.062799814658787	0.1497497352308153
-0.3703703703703705	-2.8	-7.610896758711677	2.044095816175248	0.1130217711665748
-0.3703703703703705	-2.65	-7.728908314976818	1.934860811287303	0.09448281510489115
-0.3703703703703705	-2.5	-8.166015016299152	2.125449833401888	0.114598980298143
-0.3703703703703705	-2.35	-9.016553332227941	2.707649855498286	0.195784782402793
-0.3703703703703705	-2.2	-9.048462455709592	2.446382226061608	0.5688715883571062
-0.3703703703703705	-2.05	-8.766805424145357	1.843111634646765	0.1492031762457755
-0.3703703703703705	-1.9	-9.142486510891025	1.864417689497666	0.05104865149212798
-0.3703703703703705	-1.75	-10.53535332591419	2.864905221602195	0.3377781176161637
-0.3703703703703705	-1.6	-12.53217799808617	4.42492996242814	0.1489199116449915
-0.3703703703703705	-1.45	-13.16151522019468	4.565111458439873	0.4733260477291445
-0.3703703703703705	-1.3	-12.84220786783829	3.694365348036566	0.1098383233128025
-0.3703703703703705	-1.15	-13.1541879140686	3.380044140376027	0.309650889382365
-0.3703703703703705	-1	-14.31938023771722	3.827903225385622	0.3262946934858905
-0.3703703703703705	-0.8500000000000001	-13.61692036117686	2.295958863324994	0.06204614719920464
-0.3703703703703705	-0.7000000000000002	-10.29762224378261	1.993060761313229	0.4521797565892533
-0.3703703703703705	-0.5500000000000003	-9.22342605743388	4.215335167594553	1.867332730328167
-0.3703703703703705	-0.4000000000000004	-11.02085072149021	3.797296529390595	3.276541554358018
-0.3703703703703705	-0.25	-9.758082910307762	6.746278471447253	0.4357564976885518
-0.3703703703703705	-0.1	-26.37225222349772	7.763855556507725	2.407311294465112
-0.2222222222222223	-3.1	-4.365286430565154	1.262859748394458	0.05226086546742548
-0.2222222222222223	-2.95	-4.44810931419523	1.228112351275875	0.04898215674329516
-0.2222222222222223	-2.8	-4.754375617884386	1.407556976144178	0.115302769911254
-0.2222222222222223	-2.65	-5.011080166138788	1.527053165005435	0.09095999907036206
-0.2222222222222223	-2.5	-5.289293289874209	1.656342550386008	0.1344428844603322
-0.2222222222222223	-2.35	-5.404623975470476	1.609469045670119	0.238549113453752
-0.2222222222222223	-2.2	-4.926326787339029	0.9538308465883696	0.4472860724760938
-0.2222222222222223	-2.05	-4.592300228153503	0.4251078400008756	0.2606174820047053
-0.2222222222222223	-1.9	-5.63698577835719	1.255067935190994	0.2617368809051517
-0.2222222222222223	-1.75	-6.033477179535792	1.413553697875396	0.2361192163972323
-0.2222222222222223	-1.6	-6.628317013147623	1.743114445030319	0.3058036528309458
-0.2222222222222223	-1.45	-6.96977766788263	1.787063292700415	0.32639715088415
-0.2222222222222223	-1.3	-7.358196295917703	1.83950218086148	0.03639862400470187
-0.2222222222222223	-1.15	-7.723273684619682	1.82218377241532	0.1431723506758029
-0.2222222222222223	-1	-8.596846595255176	2.256654849345265	0.03562273339145138
-0.2222222222222223	-0.8500000000000001	-8.011777399197006	1.162219406430451	0.09578791686731473
-0.2222222222222223	-0.7000000000000002	-8.070660341368388	0.6232434911732287	0.01956281334327052
-0.2222222222222223	-0.5500000000000003	-8.564895401675745	0.406044540392406	0.4483639773830277
-0.2222222222222223	-0.4000000000000004	-9.693359890925167	0.6740374595434808	0.5780288362258766
-0.2222222222222223	-0.25	-7.901467077485348	2.179130910056973	1.235344416707978
-0.2222222222222223	-0.1	-17.37907666038945	5.957890385390163	2.264561260354469
-0.07407407407407418	-3.1	-1.223257677032051	0.1882161821209278	0.04653631796915322
-0.07407407407407418	-2.95	-1.223088582980409	0.1487507586572527	0.04942676885620961
-0.07407407407407418	-2.8	-1.264557699861889	0.14782233908132	0.07674473598071635
-0.07407407407407418	-2.65	-1.633907922290477	0.4712916754739458	0.01629256062170874
-0.07407407407407418	-2.5	-1.667535799526097	0.4551077095811726	0.03589860875506864
-0.07407407407407418	-2.35	-1.864587285407655	0.5978886793544924	0.03936674174650673
-0.07407407407407418	-2.2	-1.82316095730171	0.497106580596812	0.09048398948931856
-0.07407407407407418	-2.05	-1.594584880149815	0.203339745451262	0.08541927931763969
-0.07407407407407418	-1.9	-1.694720085914312	0.2315445094015427	0.08619756142500488
-0.07407407407407418	-1.75	-2.1048173471512	0.5618697763313851	0.06624286258088072
-0.07407407407407418	-1.6	-2.081377138680427	0.4494601848544115	0.02984507158008817
-0.07407407407407418	-1.45	-2.463125780019081	0.7313546298025402	0.08340225435537278
-0.07407407407407418	-1.3	-2.270218827469379	0.4255817221546467	0.1085375416774835
-0.07407407407407418	-1.15	-2.494335073212301	0.5211007798982217	0.02787037459827015
-0.07407407407407418	-1	-3.433301769709608	1.312205373048152	0.5209202174605566
-0.07407407407407418	-0.8500000000000001	-2.929905919825995	0.6370054202823119	0.0754128683872799
-0.07407407407407418	-0.7000000000000002	-3.135392259533506	0.6404223214293712	0.1994532781871741
-0.07407407407407418	-0.5500000000000003	-3.263406876609403	0.5273389810242071	0.02796480222089719
-0.07407407407407418	-0.4000000000000004	-2.867477257263988	0.1612213210765936	0.08807016276380973
-0.07407407407407418	-0.25	-0.858327138760093	2.533012281036263	0.0440229069037045
-0.07407407407407418	-0.1	26.01981160014197	29.87229700712264	0.1765327996771295
0.07407407407407396	-3.1	0.6636869472265901	0.3713545476845332	0.01942642287010279
0.07407407407407396	-2.95	0.6193191593731893	0.455018664949967	0.05688433818027911
0.07407407407407396	-2.8	0.9889629375006024	0.1277724232799664	0.02539248792520989
0.07407407407407396	-2.65	1.049253247367768	0.1133629994487628	0.0140733861452394
0.07407407407407396	-2.5	1.061958407984823	0.1504696819601019	0.03383601793017898
0.07407407407407396	-2.35	1.168228373532112	0.09847023252104981	0.04877860509406105
0.07407407407407396	-2.2	1.393707068266369	0.06765269156147125	0.1314415449740498
0.07407407407407396	-2.05	1.807078872741504	0.4158337380429376	0.1005950657151889
0.07407407407407396	-1.9	2.148355113566906	0.6851795370541369	0.11648549449684
0.07407407407407396	-1.75	2.481255696156222	0.9383081253364076	0.02779962973604514
0.07407407407407396	-1.6	2.308065490100811	0.6761485362747957	0.02818682896608319
0.07407407407407396	-1.45	2.41096264130847	0.679191491091929	0.1856691631130275
0.07407407407407396	-1.3	2.590571854779194	0.7459347494644619	0.1028266891366133
0.07407407407407396	-1.15	2.650088844288214	0.6768545509741348	0.1459086218397562
0.07407407407407396	-1	2.84076266400223	0.7196662673407741	0.3849050500874876
0.07407407407407396	-0.8500000000000001	1.638679015838063	0.6542214837056197	0.06723341066174551
0.07407407407407396	-0.7000000000000002	1.923204289224578	0.5717656488795571	0.1687562894692347
0.07407407407407396	-0.5500000000000003	2.556943906636056	0.1791239889491396	0.09491302182141657
0.07407407407407396	-0.4000000000000004	2.634227847888254	0.3944707304523276	0.425865433373481
0.07407407407407396	-0.25	0.4736876396076958	2.917651780188648	0.2607994859505492
0.07407407407407396	-0.1	-31.75329089788828	35.60577630486895	6.575293312996417
0.2222222222222223	-3.1	4.098502782793146	0.996076100622449	0.08039916868415015
0.2222222222222223	-2.95	4.405150010228419	1.185153047309064	0.08172373665799343
0.2222222222222223	-2.8	4.364211595413911	1.01739295367369	0.1203068901831578
0.2222222222222223	-2.65	4.642715204330099	1.158688203196733	0.1290661555428782
0.2222222222222223	-2.5	4.961601971728379	1.328651232240166	0.1279157811084416
0.2222222222222223	-2.35	4.938663445554671	1.143508515754315	0.3678941409518284
0.2222222222222223	-2.2	5.544383609257022	1.571887668506362	0.2829288928778574
0.2222222222222223	-2.05	5.132347465128399	0.9651550769757593	0.2013315371940332
0.2222222222222223	-1.9	5.521476378084989	1.13955853491878	0.08169876853908928
0.2222222222222223	-1.75	6.858021050167427	2.238097568507019	0.5681050190931466
0.2222222222222223	-1.6	6.660642050527757	1.775439482410453	0.8174372762842617
0.2222222222222223	-1.45	7.211232500293067	2.02851812511084	0.448321928730687
0.2222222222222223	-1.3	8.152995808600675	2.634301693544439	0.9250261062241238
0.2222222222222223	-1.15	6.701133034589803	0.8000431223854285	0.388915350664518
0.2222222222222223	-1	8.563194524435163	2.223002778525252	1.562418222386966
0.2222222222222223	-0.8500000000000001	9.884781003776951	3.035223011010382	2.815981503984198
0.2222222222222223	-0.7000000000000002	7.506638694025407	0.0592218438302341	0.02094481894029266
0.2222222222222223	-0.5500000000000003	7.578888913902764	0.5799619473805873	0.6360949781850405
0.2222222222222223	-0.4000000000000004	9.557270181318961	0.537947749937274	0.1646444067603539
0.2222222222222223	-0.25	9.935478630419063	0.1451193571232725	0.8647675675222902
0.2222222222222223	-0.1	17.9205440120939	6.499357737094607	2.933503489535596
0.3703703703703702	-3.1	6.851412022774634	1.689651553023822	0.2047447644913967
0.3703703703703702	-2.95	7.329876048082508	1.973218895033443	0.113329966604932
0.3703703703703702	-2.8	7.187915643446995	1.621114700910566	0.1619973948076364
0.3703703703703702	-2.65	7.279427080937309	1.485379577247794	0.2179051716565223
0.3703703703703702	-2.5	8.01813849919478	1.977573316297516	0.1729918270403086
0.3703703703703702	-2.35	8.813958320634594	2.505054843904939	0.1643396143849499
0.3703703703703702	-2.2	8.268737424178349	1.666657194530366	0.6988441747641417
0.3703703703703702	-2.05	7.941862947894258	1.018169158395666	0.179383872455414
0.3703703703703702	-1.9	8.432878671595194	1.154809850201834	0.1762955277422682
0.3703703703703702	-1.75	9.948896242090239	2.27844813777824	1.040420460812733
0.3703703703703702	-1.6	12.69729963080577	4.590051595147727	0.1856467618017694
0.3703703703703702	-1.45	12.26140039879768	3.66499663704287	1.174658153385753
0.3703703703703702	-1.3	13.45541471253152	4.307572192729795	0.4193554250704604
0.3703703703703702	-1.15	13.80408165190317	4.0299378782106	0.4867032513054265
0.3703703703703702	-1	13.49053318168823	2.999056169356638	1.256074910048697
0.3703703703703702	-0.8500000000000001	13.78206496607899	2.461103468227124	0.189886930257416
0.3703703703703702	-0.7000000000000002	10.3048852197446	1.985797785351236	0.6673512391231603
0.3703703703703702	-0.5500000000000003	9.800299397718986	3.638461827309447	1.355891121588285
0.3703703703703702	-0.4000000000000004	7.894548318257135	6.923598932623666	1.09780964953672
0.3703703703703702	-0.25	9.610058879828662	6.894302501926353	0.2865670031128231
0.3703703703703702	-0.1	1.075302505193186	17.53309416179681	28.16080293754024
0.5185185185185182	-3.1	8.827139448403406	1.619325787897551	0.1044492320850453
0.5185185185185182	-2.95	9.613337926884173	2.134852330280591	0.1797271224966124
0.5185185185185182	-2.8	9.867323910219296	2.097173916553134	0.1880699377546515
0.5185185185185182	-2.65	10.20793648985865	2.122605993794874	0.2045705991720715
0.5185185185185182	-2.5	11.09711338618324	2.670144364702567	0.2051039431849439
0.5185185185185182	-2.35	11.63472548946112	2.836210076659459	0.2008175328601406
0.5185185185185182	-2.2	11.34687571957772	2.142834765109408	0.4841985001362962
0.5185185185185182	-2.05	12.33194179953843	2.683558375453062	0.2547337510068902
0.5185185185185182	-1.9	11.56787617995599	1.430541914369833	0.189224644754314
0.5185185185185182	-1.75	10.2138173531945	0.4640653211195396	0.2186260521342284
0.5185185185185182	-1.6	10.55201334906557	0.7265241804182931	0.2824718434681485
0.5185185185185182	-1.45	9.398059281033381	2.551697940460471	0.7038588908598704
0.5185185185185182	-1.3	11.01930976863455	1.6852213682936	0.4309114237399711
0.5185185185185182	-1.15	11.48160526982395	2.077572261330083	0.9915695901299928
0.5185185185185182	-1	11.08782875427615	3.446626326263958	0.3742035099157481
0.5185185185185182	-0.8500000000000001	16.11973714919204	0.4626003839245723	2.004181448952545
0.5185185185185182	-0.7000000000000002	11.908659055462	5.053617847410459	9.340328322320442
0.5185185185185182	-0.5500000000000003	20.86518560626053	2.368650515928572	6.001401477191727
0.5185185185185182	-0.4000000000000004	18.31338475273506	2.009752076927871	1.149122553415675
0.5185185185185182	-0.25	19.01673458779844	3.512663415138409	1.21655865654043
0.5185185185185182	-0.1	2.552400614809291	22.68587379836461	0.288247036863358
0.6666666666666665	-3.1	10.39876537002473	1.16320627685881	0.1187653242138728
0.6666666666666665	-2.95	10.45773363904438	0.8778415970323401	0.4742652809096665
0.6666666666666665	-2.8	10.39692119037824	0.446294502426646	0.269895587611295
0.6666666666666665	-2.65	10.21955340450413	0.131332250426393	0.1167369957192246
0.6666666666666665	-2.5	10.64784718134777	0.1364506862148396	0.159542149504576
0.6666666666666665	-2.35	11.12950065392289	0.1256033396916436	0.09515190591959116
0.6666666666666665	-2.2	11.63621692972032	0.1320720023003208	0.595848720930546
0.6666666666666665	-2.05	12.34094203979532	0.01119240472300476	0.6647623315416242
0.6666666666666665	-1.9	12.51378416276754	0.4327253528693884	0.1899317778756358
0.6666666666666665	-1.75	12.27035397905851	1.356640880833035	0.1549913729266164
0.6666666666666665	-1.6	13.35335870669021	1.02803588440039	0.3059722893397126
0.6666666666666665	-1.45	14.86452079203092	0.3576124342374989	0.3270076838858549
0.6666666666666665	-1.3	14.62044087254826	1.544058279708658	1.566323861727638
0.6666666666666665	-1.15	15.13480615692064	2.092682069530309	2.226671202923142
0.6666666666666665	-1	15.20548633402698	3.229462488895024	3.629917199168031
0.6666666666666665	-0.8500000000000001	15.59796554092788	4.21918697869109	2.371078735100572
0.6666666666666665	-0.7000000000000002	21.48893857903237	0.07596910416060965	0.6808850133273644
0.6666666666666665	-0.5500000000000003	24.2627592649028	0.989855200820827	0.2998369079124713
0.6666666666666665	-0.4000000000000004	19.09143827813278	6.371906783738819	1.778342233041651
0.6666666666666665	-0.25	21.84096455810608	6.231522377746884	8.373399018196102
0.6666666666666665	-0.1	27.36748341484521	3.850919349501169	3.614185841766761
0.8148148148148149	-3.1	11.01225474323914	0.2279869820753344	0.09310366004728353
0.8148148148148149	-2.95	11.42786176053571	0.2277501956596311	0.2155678072750187
0.8148148148148149	-2.8	11.78260774784168	0.3197765628198752	0.06182885271834611
0.8148148148148149	-2.65	12.33658771911093	0.2476109191956954	0.2259518405698454
0.8148148148148149	-2.5	13.39487431317749	0.2896053229587547	0.3777436864815914
0.8148148148148149	-2.35	15.15048012599831	1.479981194605227	0.4175748117707949
0.8148148148148149	-2.2	14.60943556027073	0.3238105136758964	0.134561141565203
0.8148148148148149	-2.05	15.52612529552096	0.5687285478750876	0.3816489247557733
0.8148148148148149	-1.9	15.79341813261104	0.09961498504333832	0.1613142481581092
0.8148148148148149	-1.75	17.77716947342206	1.272808091667027	1.153891315363562
0.8148148148148149	-1.6	18.37352376243133	0.9730380760932142	2.143984164177966
0.8148148148148149	-1.45	18.74887311993529	0.3529098520172269	1.722063647139698
0.8148148148148149	-1.3	20.72367749757417	1.216105366908099	0.7311840738088975
0.8148148148148149	-1.15	22.83250972709645	2.076621441412559	0.3857063445381112
0.8148148148148149	-1	24.78725160892779	2.620905786845316	0.8248159113157103
0.8148148148148149	-0.8500000000000001	25.24129237841296	1.470659078031602	1.373000364972974
0.8148148148148149	-0.7000000000000002	25.97858182043145	0.3700496898579395	4.444809884723587
0.8148148148148149	-0.5500000000000003	44.18861777724166	16.45829752533196	15.63000930418522
0.8148148148148149	-0.4000000000000004	60.61144906408204	30.41159099293853	6.46714444967512
0.8148148148148149	-0.25	29.06734135715961	4.031052404672835	8.151012041085163
0.8148148148148149	-0.1	31.76045620824058	4.768399158744579	3.626392772393907
0.9629629629629628	-3.1	13.72267483238509	0.5052359490378535	0.08283564393758663
0.9629629629629628	-2.95	14.00639815665425	0.3056210623550815	0.07513906014003596
0.9629629629629628	-2.8	15.4220263042702	1.201974825022543	0.0851147100157317
0.9629629629629628	-2.65	16.09095193831598	1.311623057704978	0.3636402286652642
0.9629629629629628	-2.5	16.81467653892467	1.431379572043355	0.1342962803078308
0.9629629629629628	-2.35	17.77337457174305	1.735991072026827	0.1173640585210081
0.9629629629629628	-2.2	18.94307699142515	2.195173933025185	0.2919957869874642
0.9629629629629628	-2.05	19.94312608219974	2.420887600055551	0.6473803052231141
0.9629629629629628	-1.9	20.33973606643676	1.970669674631395	0.2095123227170455
0.9629629629629628	-1.75	21.44846404376688	2.149825176245283	0.1375301983301113
0.9629629629629628	-1.6	21.23197128489643	0.9088344552334853	0.6800946119025314
0.9629629629629628	-1.45	22.35118517187571	0.8940701511727198	0.3569767919795783
0.9629629629629628	-1.3	27.27993480834173	4.561871065604631	0.2806365968835675
0.9629629629629628	-1.15	28.95913000195024	4.83201157681264	0.1540420181810201
0.9629629629629628	-1	30.9781743257705	5.268220544959238	0.2415594824447084
0.9629629629629628	-0.8500000000000001	34.90217193546946	7.404269532699288	6.474990427487924
0.9629629629629628	-0.7000000000000002	38.00890721118291	8.479574502860711	0.3661523652692529
0.9629629629629628	-0.5500000000000003	37.77961370048982	5.92831730765835	0.9642127513180306
0.9629629629629628	-0.4000000000000004	31.97102503229876	2.550361848173939	0.6337073002780845
0.9629629629629628	-0.25	18.87256965618426	18.73702113452803	3.663681932252251
0.9629629629629628	-0.1	14.27817878413547	26.92140123820627	2.067220319841192
1.111111111111111	-3.1	16.09122965567273	0.9281206135069553	0.338128421968198
1.111111111111111	-2.95	16.26127761476708	0.550306135560664	0.05374589281566521
1.111111111111111	-2.8	17.49944666189268	1.200650280355358	1.251026956572528
1.111111111111111	-2.65	17.98353498194847	1.052551759758721	0.858309567660746
1.111111111111111	-2.5	19.7442320273568	2.131654184432971	0.6181932329109041
1.111111111111111	-2.35	20.76974088123692	2.42035065004033	0.6425098869464814
1.111111111111111	-2.2	20.72699907565769	1.578861617718093	0.3906502724966137
1.111111111111111	-2.05	20.56474231689431	0.5481245957080496	0.1486728003006264
1.111111111111111	-1.9	21.56306206432698	0.5991392074238142	0.309136634608686
1.111111111111111	-1.75	23.43332702284147	1.432628672300886	0.9201276934355008
1.111111111111111	-1.6	24.37947955549729	1.240017792285599	1.001509582920567
1.111111111111111	-1.45	28.3931597695546	3.998167359302212	1.463399635310924
1.111111111111111	-1.3	34.14116871445886	8.356362019981233	1.501615052097957
1.111111111111111	-1.15	33.77061959305536	6.440885758128157	1.287272391529646
1.111111111111111	-1	35.47980395326432	6.425199854187184	1.486163626122701
1.111111111111111	-0.8500000000000001	33.92556876268323	2.936516082357901	0.2466303987560965
1.111111111111111	-0.7000000000000002	33.26872260900122	0.100301787741742	1.444721631533653
1.111111111111111	-0.5500000000000003	37.41101887981978	1.776328346972832	3.227731784498036
1.111111111111111	-0.4000000000000004	44.40084726525819	5.963545774195673	0.7488597804435732
1.111111111111111	-0.25	49.61653062480788	7.982991288237685	2.360124363545572
1.111111111111111	-0.1	47.31336812690553	2.025452060348449	1.852953941310003
1.259259259259259	-3.1	17.98659993105839	0.9129717300010682	1.025017253321909
1.259259259259259	-2.95	19.76898832555401	2.086716571832952	0.6869840822177761
1.259259259259259	-2.8	20.29335327315938	1.958982075740099	0.4788618621874202
1.259259259259259	-2.65	19.59429196911972	0.5597277272254217	0.5206767559237866
1.259259259259259	-2.5	19.44052287289164	0.3476179038100575	0.9838718693692622
1.259259259259259	-2.35	20.10814446134902	0.4930100714474115	0.2546830441980532
1.259259259259259	-2.2	22.9486320976242	1.46807562259022	0.4769212061728907
1.259259259259259	-2.05	25.60436638508354	3.170012076286959	0.4181272569508834
1.259259259259259	-1.9	25.46310994232264	1.991306737922798	0.4977834832748518
1.259259259259259	-1.75	29.19817577125965	4.594542261951997	1.75601197450218
1.259259259259259	-1.6	31.63110384489921	5.788782194265035	1.866176351868899
1.259259259259259	-1.45	30.83891307828781	3.636502791761664	1.048396915188154
1.259259259259259	-1.3	32.29679536798951	3.595912948418601	1.324928154159745
1.259259259259259	-1.15	31.63098142930939	1.273390897519498	0.6219212748569943
1.259259259259259	-1	31.51320362136195	0.6825303133512932	0.1976150297092564
1.259259259259259	-0.8500000000000001	42.54224247627315	8.299880204751958	5.412696841018097
1.259259259259259	-0.7000000000000002	39.72268752600165	3.193832159016488	3.378501066001819
1.259259259259259	-0.5500000000000003	36.22348301345386	2.867798696656791	2.842583062601522
1.259259259259259	-0.4000000000000004	48.16939059483464	6.19893125044495	3.893545716595101
1.259259259259259	-0.25	72.64483391999813	27.43341133895882	5.702183589521344
1.259259259259259	-0.1	39.97761109782598	8.884220157589304	4.762431984459475
1.407407407407407	-3.1	19.40663365346548	0.4608200322302061	0.06232827303342905
1.407407407407407	-2.95	20.30660160192981	0.6953298053129018	0.1793027204075461
1.407407407407407	-2.8	20.48863151317976	0.1654946835168154	0.5501458316532893
1.407407407407407	-2.65	21.04395115767752	0.04224267177932006	0.8090138201712185
1.407407407407407	-2.5	22.02057249347196	0.1147040900160938	0.824486649669441
1.407407407407407	-2.35	25.44672161233196	2.658393002681027	0.1974449971407187
1.407407407407407	-2.2	26.63833339631166	2.89772886140506	0.8335524725924314
1.407407407407407	-2.05	27.38401190146927	2.613283621682807	2.254347797132743
1.407407407407407	-1.9	29.86592891477219	3.978031680132393	0.123111303402518
1.407407407407407	-1.75	29.28001683653465	2.177353479708817	0.4560381844652566
1.407407407407407	-1.6	29.56289562510695	1.135745166173582	0.4952676655254521
1.407407407407407	-1.45	32.58379725080117	2.708497365480586	0.09008310913204748
1.407407407407407	-1.3	32.0093979864439	0.5462562577500876	0.7299236952680428
1.407407407407407	-1.15	35.26493883148979	2.055855956866132	2.264590088650711
1.407407407407407	-1	39.56492100906854	4.430727952152907	0.2858299248407536
1.407407407407407	-0.8500000000000001	33.96306571986177	3.299387688997619	2.533145648997363
1.407407407407407	-0.7000000000000002	38.28411483064208	1.336790658531804	1.230072157407593
1.407407407407407	-0.5500000000000003	42.02859658222233	0.2110020015759702	3.183767925664586
1.407407407407407	-0.4000000000000004	36.85393309846209	8.297242749962813	4.834187154853645
1.407407407407407	-0.25	35.08718206585346	13.30268373496445	2.515078296543842
1.407407407407407	-0.1	10.57217378120321	41.41739180463701	0.8894737500700283
1.555555555555555	-3.1	21.88644361745556	1.10950829008781	0.6783631440946724
1.555555555555555	-2.95	21.88484424463435	0.3897519247128187	0.5110396318762561
1.555555555555555	-2.8	22.90740374350696	0.6453345993813464	0.4868506025787269
1.555555555555555	-2.65	24.65012146089506	1.5674075266462	0.6850297427866229
1.555555555555555	-2.5	26.50154991743381	2.539060942855617	0.4829688345982366
1.555555555555555	-2.35	27.24705660175393	2.339496145857755	1.114389663361106
1.555555555555555	-2.2	28.45127592363169	2.526374416077243	1.363938796654615
1.555555555555555	-2.05	29.5754831386155	2.553073334378201	0.3362976006172755
1.555555555555555	-1.9	29.4586715264185	1.249630856234717	0.04393672760012431
1.555555555555555	-1.75	30.72989491682048	1.23493909913277	0.2369172034935716
1.555555555555555	-1.6	33.60822441718422	2.716538010010076	0.5700179795107521
1.555555555555555	-1.45	32.89901107681986	0.4867044584686511	0.9847675631728073
1.555555555555555	-1.3	37.63626692454504	3.564657117150858	2.517115838519934
1.555555555555555	-1.15	38.48872349664167	2.602450714733266	3.032202100646967
1.555555555555555	-1	40.66436752369953	2.789383872601313	2.445732546550774
1.555555555555555	-0.8500000000000001	46.2912883566069	6.232794630361205	2.11819424053574
1.555555555555555	-0.7000000000000002	38.43306612852997	4.026466466859695	0.886008030281342
1.555555555555555	-0.5500000000000003	42.27279868088068	2.829698131988707	0.7060079372173015
1.555555555555555	-0.4000000000000004	43.80775672045432	4.205030783729008	1.253021844888929
1.555555555555555	-0.25	52.32622663692647	1.110590737223816	0.4426491649870286
1.555555555555555	-0.1	63.70056702497972	8.966334684325346	2.129666938991804
1.703703703703703	-3.1	23.1635087882744	0.5987924816152876	1.230806027278939
1.703703703703703	-2.95	25.2523960317889	1.921019199998486	0.878641244145454
1.703703703703703	-2.8	25.63106449941238	1.482315745491359	0.2932086981812245
1.703703703703703	-2.65	26.222494837172	1.200827373843783	0.3274111496765952
1.703703703703703	-2.5	28.71958402384861	2.764039423445805	0.952370786389594
1.703703703703703	-2.35	29.56414765755942	2.607703457747121	0.8413614878252655
1.703703703703703	-2.2	31.00093536276552	2.969767491513963	0.934448667470054
1.703703703703703	-2.05	31.02933596539572	1.841986900820931	0.9407818448547928
1.703703703703703	-1.9	31.49074278094604	1.057187015391435	1.008438745220253
1.703703703703703	-1.75	33.91968797911674	2.140288166454383	0.818472774025598
1.703703703703703	-1.6	36.75106937905055	3.515420186153833	3.037982475825777
1.703703703703703	-1.45	43.62215492695485	8.807818070853173	1.471733513801553
1.703703703703703	-1.3	40.28491596187948	3.756060594894315	2.91651048826352
1.703703703703703	-1.15	43.71484383857093	5.320823271904736	1.667132487058564
1.703703703703703	-1	41.79439442267675	1.368315682577609	2.898403545497079
1.703703703703703	-0.8500000000000001	40.59930047176704	2.043319555926423	1.165405551450885
1.703703703703703	-0.7000000000000002	42.92604558281725	2.136300180947117	0.702665577456141
1.703703703703703	-0.5500000000000003	46.25924649679797	1.445373289026591	1.953563209466461
1.703703703703703	-0.4000000000000004	56.48202400128247	5.893307781264475	0.2173738185680677
1.703703703703703	-0.25	63.9784085341477	10.24574351033296	1.610215137027732
1.703703703703703	-0.1	76.82872905541387	19.67712581913023	0.5414297247592146
1.851851851851852	-3.1	25.30586527692931	0.9985425385977642	0.4394377049327982
1.851851851851852	-2.95	25.79837386540418	0.6800980393006846	0.1770702986827998
1.851851851851852	-2.8	27.40863016316533	1.427293221467618	0.6703355047673427
1.851851851851852	-2.65	28.14251808140398	1.241255140960522	0.5785753581746508
1.851851851851852	-2.5	31.05998941408173	3.176648793633529	0.3452775534476709
1.851851851851852	-2.35	30.44901954246169	1.515570757290678	0.414926353649757
1.851851851851852	-2.2	31.0394281292897	0.981302649803041	0.2136366612718148
1.851851851851852	-2.05	33.47020195575975	2.205562476042498	1.38394554372562
1.851851851851852	-1.9	34.71680956814298	2.155745328318957	1.251645110375954
1.851851851851852	-1.75	40.95947284091254	7.003121657338511	0.2038196414535499
1.851851851851852	-1.6	42.02454597313969	6.564148656978389	0.9203812505661516
1.851851851851852	-1.45	41.83999414739282	4.755894754084068	0.5678021823496325
1.851851851851852	-1.3	41.3393015659385	2.499918489025809	0.6189392555761207
1.851851851851852	-1.15	40.18280590043518	0.5563844578952342	1.175064414338436
1.851851851851852	-1	41.56013678566594	1.237265052568269	0.2241090438771502
1.851851851851852	-0.8500000000000001	44.05492757502626	0.9737346434498093	0.7339273337326495
1.851851851851852	-0.7000000000000002	48.31621204948275	0.8681439818600936	1.72077555293713
1.851851851851852	-0.5500000000000003	55.59548506284249	5.524817096578595	0.3618492798829472
1.851851851851852	-0.4000000000000004	62.67581532542115	9.765095866646732	0.851212778469505
1.851851851851852	-0.25	71.31181630832643	15.33116629815287	1.11010259619167
1.851851851851852	-0.1	79.276728201233	19.98704000101674	0.4186652567324344
2	-3.1	26.57658601019801	0.5732401656865669	0.3936736035821651
2	-2.95	27.59949304052537	0.7450717000067826	0.2339189930016148
2	-2.8	30.5167890417658	2.75824844070576	0.822271929238231
2	-2.65	32.14608578111699	3.425758983247505	0.4742094008819145
2	-2.5	31.81476696783661	2.069885670894383	0.7231349161710866
2	-2.35	32.93062221806979	2.092790273382548	0.6029387858945731
2	-2.2	34.9473573728349	2.9419741647514	0.7785019890843771
2	-2.05	38.09435645567761	4.839989880965547	1.696290175115308
2	-1.9	40.8912169842442	6.298928296734246	0.2646659054274824
2	-1.75	40.96247820850944	4.935104823405823	0.35517999857827
2	-1.6	40.87112508145064	3.302533052623154	0.5138481745986436
2	-1.45	41.62201536277921	2.39634126544248	1.14077638054374
2	-1.3	41.37624807269033	0.3671611711201024	0.4815264499465168
2	-1.15	42.80553392816208	0.1244354187968213	0.3234069794241864
2	-1	46.32583967040885	1.325839670408847	1.345336445561073
2	-0.8500000000000001	49.71833676812471	2.487162160093469	0.4590957657711562
2	-0.7000000000000002	54.42101655570642	4.785553128803784	1.065006852224218
2	-0.5500000000000003	60.83507428242601	8.610758588380662	0.71402972004553
2	-0.4000000000000004	67.92798466804831	12.92000486660697	0.4773332609312833
2	-0.25	74.76619741987038	16.77158062795387	1.070735815682548
2	-0.1	80.43666644641456	19.24746018938763	0.3958687343678396
