# X/m   Y/m  phi/deg phi_error/deg phi_ci/deg std/deg std_ci/deg
 0.00  -0.75    -0.09    -0.09     1.69     2.96     0.98
-0.25  -0.75    -0.23    -0.23     2.35     3.10     1.07
-0.50  -0.75     1.75     1.75     1.97     3.24     0.99
-0.75  -0.75    -5.28    -5.28     2.12     3.08     1.09
-1.00  -0.75    -3.19    -3.19     2.33     3.33     1.00


 0.00   0.00    -1.27    -1.27     1.69     3.24     1.30
-0.25   0.00    -1.47    -1.47     1.88     3.67     1.01
-0.50   0.00     3.18     3.18     2.25     3.40     1.00
-0.75   0.00    -7.38    -7.38     1.67     3.17     1.02
-1.00   0.00    -3.70    -3.70     2.41     3.11     0.82
-1.25   0.00   -12.31   -12.31     1.55     3.03     0.95


 0.00   0.75    -2.28    -2.28     2.30     3.83     1.21
-0.25   0.75     3.06     3.06     2.54     3.88     0.92
-0.50   0.75    -6.10    -6.10     4.53     4.65     1.91
-0.75   0.75     6.23     6.23     1.92     3.07     0.94
-1.00   0.75   -11.33   -11.33     3.49     3.91     1.39


