# X/m   Y/m  phi/deg phi_error/deg phi_ci/deg std/deg std_ci/deg
 0.00  -0.75    -2.02    -2.02     2.30     3.70     0.80
-0.25  -0.75     1.84    13.15     2.58     3.58     0.92
-0.50  -0.75    -1.69    20.11     3.69     4.64     1.74
-0.75  -0.75    -7.95    23.02     2.90     4.47     1.27
-1.00  -0.75   -14.49    24.17     2.54     5.19     1.71


 0.00   0.00     1.71     1.71     1.03     3.06     0.83
-0.25   0.00   -10.69    15.88     2.57     6.65     2.08
-0.50   0.00    -7.43    37.57     4.50     9.32     2.44
-0.75   0.00     7.24    63.55     2.84     6.48     1.33
-1.00   0.00    -1.41    62.02     3.44     4.56     1.31
-1.25   0.00   -13.05    55.14     2.36     4.10     0.99


 0.00   0.75    -0.53   179.47     1.32     3.39     1.13
-0.25   0.75    35.36   170.36     3.11     3.59     1.01
-0.50   0.75    48.61   165.17     3.30     4.04     0.74
-0.75   0.75    58.65   167.09     3.05     3.72     1.54
-1.00   0.75    46.39   150.42     1.83     2.74     0.85


