# X/m   Y/m  phi/deg phi_error/deg phi_ci/deg std/deg std_ci/deg
 0.00  -0.75    -0.13    -0.13     2.05     2.77     0.92
-0.25  -0.75     1.12     1.12     1.83     2.51     0.68
-0.50  -0.75     1.35     1.35     1.34     3.24     1.30
-0.75  -0.75     1.34     1.34     1.36     2.58     1.11
-1.00  -0.75    -2.60    -2.60     1.41     3.18     1.07


 0.00   0.00     1.15     1.15     0.85     2.90     1.21
-0.25   0.00    -0.42    -0.42     1.33     3.25     1.28
-0.50   0.00    -0.35    -0.35     1.82     2.28     0.77
-0.75   0.00     2.30     2.30     1.46     2.80     0.84
-1.00   0.00     0.87     0.87     1.14     2.66     1.18
-1.25   0.00    -6.19    -6.19     1.50     3.55     1.38


 0.00   0.75    -0.31    -0.31     1.29     3.69     1.97
-0.25   0.75    -1.04    -1.04     2.10     3.02     1.09
-0.50   0.75    -0.09    -0.09     2.17     3.59     1.49
-0.75   0.75     3.97     3.97     1.39     5.95     7.19
-1.00   0.75    16.70    16.70     3.19     5.69     3.00


