# X/m   Y/m  phi/deg phi_error/deg phi_ci/deg std/deg std_ci/deg
 0.00  -0.75     1.04     1.04     1.11     2.54     0.92
-0.25  -0.75    -0.66    -0.66     1.07     2.70     0.69
-0.50  -0.75     0.12     0.12     1.45     2.39     0.90
-0.75  -0.75     1.36     1.36     1.40     2.63     0.81
-1.00  -0.75    -0.08    -0.08     0.55     2.62     1.10


 0.00   0.00     0.34     0.34     0.88     2.99     1.56
-0.25   0.00     0.67     0.67     1.26     2.21     0.63
-0.50   0.00    -0.94    -0.94     0.60     2.56     0.64
-0.75   0.00    -0.15    -0.15     1.21     3.33     1.19
-1.00   0.00     1.27     1.27     1.64     4.00     2.26
-1.25   0.00    -0.04    -0.04     1.67     2.97     1.25


 0.00   0.75     1.52     1.52     1.57     3.59     1.71
-0.25   0.75     2.49     2.49     1.59     4.81     2.51
-0.50   0.75     1.17     1.17     1.37     3.60     2.38
-0.75   0.75     0.94     0.94     2.31     3.33     1.18
-1.00   0.75     5.25     5.25     2.39     3.69     1.39


