# X/m   Y/m  phi/deg phi_error/deg phi_ci/deg std/deg std_ci/deg
 0.00  -0.75     0.28     0.28     2.03     2.57     0.84
-0.25  -0.75    -4.15     0.25     1.68     2.49     0.93
-0.50  -0.75    -7.74     1.00     2.28     2.25     0.53
-0.75  -0.75   -13.07    -0.07     1.48     2.26     1.13
-1.00  -0.75   -17.65    -0.55     1.32     2.19     0.42


 0.00   0.00    -0.27    -0.27     1.25     2.47     1.00
-0.25   0.00    -2.20     3.51     2.30     3.76     1.56
-0.50   0.00   -10.37     0.94     1.09     2.48     0.79
-0.75   0.00   -17.61    -0.91     2.81     2.22     0.49
-1.00   0.00   -25.08    -3.28     2.07     3.11     1.42
-1.25   0.00   -25.53     1.04     1.10     2.23     0.76


 0.00   0.75    -1.92    -1.92     2.21     2.93     0.66
-0.25   0.75     1.20     9.33     1.88     3.60     0.83
-0.50   0.75   -14.50     1.45     1.85     2.95     0.94
-0.75   0.75   -30.12    -6.92     1.29     2.94     1.13
-1.00   0.75   -31.02    -1.28     1.91     2.98     0.98


