# X/m   Y/m  phi/deg phi_error/deg phi_ci/deg std/deg std_ci/deg
 0.00  -0.75    -1.34    -1.34     2.02     3.20     1.08
-0.25  -0.75    -2.34    -2.34     1.32     3.45     0.78
-0.50  -0.75     3.78     3.78     2.72     3.98     0.89
-0.75  -0.75    -3.46    -3.46     2.14     4.14     0.82
-1.00  -0.75    -4.27    -4.27     2.79     4.54     1.43


 0.00   0.00    -0.33    -0.33     2.07     2.56     0.99
-0.25   0.00    -2.54    -2.54     2.15     3.39     1.14
-0.50   0.00     0.98     0.98     3.44     3.78     0.76
-0.75   0.00    -4.79    -4.79     3.54     4.46     1.51
-1.00   0.00     0.15     0.15     3.38     5.57     2.32
-1.25   0.00   -12.88   -12.88     4.40     4.86     2.40


 0.00   0.75    -0.96    -0.96     2.79     3.67     1.80
-0.25   0.75     3.23     3.23     4.34     5.57     1.90
-0.50   0.75   -10.59   -10.59     3.34     4.60     1.46
-0.75   0.75    -4.36    -4.36     5.35     8.30     3.03
-1.00   0.75   -21.73   -21.73     3.87     8.05     3.00


