# X/m   Y/m  phi/deg phi_error/deg phi_ci/deg std/deg std_ci/deg
 0.00  -0.75     1.32     1.32     1.46     3.90     1.60
-0.25  -0.75    -4.24     0.16     1.56     3.63     1.52
-0.50  -0.75    -8.39     0.36     2.16     3.32     1.08
-0.75  -0.75   -13.73    -0.73     1.53     3.19     1.33
-1.00  -0.75   -18.04    -0.94     1.94     3.51     1.58


 0.00   0.00     1.72     1.72     1.15     2.17     0.82
-0.25   0.00    -5.82    -0.11     1.22     2.40     0.60
-0.50   0.00   -12.67    -1.36     1.32     3.77     0.98
-0.75   0.00   -19.02    -2.32     1.52     2.58     0.76
-1.00   0.00   -22.17    -0.37     2.87     5.41     2.80
-1.25   0.00   -28.92    -2.35     3.17     3.77     1.40


 0.00   0.75     0.69     0.69     1.18     3.46     1.01
-0.25   0.75    -9.53    -1.40     1.68     3.70     1.37
-0.50   0.75   -19.40    -3.46     2.23     4.03     1.17
-0.75   0.75   -31.60    -8.41     2.14     4.01     1.50
-1.00   0.75   -40.53   -10.79     3.64     4.25     1.88


