# X/m   Y/m  phi/deg phi_error/deg phi_ci/deg std/deg std_ci/deg
 0.00  -0.75    -0.87    -0.87     1.96     4.06     1.50
-0.25  -0.75    10.98    22.29     2.58     3.90     0.77
-0.50  -0.75     5.08    26.89     3.79     3.92     1.35
-0.75  -0.75     7.59    38.56     3.55     4.34     1.38
-1.00  -0.75    -2.85    35.81     2.42     3.99     0.99


 0.00   0.00    -1.78    -1.78     2.37     3.36     0.96
-0.25   0.00    -7.12    19.45     4.14     7.65     2.08
-0.50   0.00    15.30    60.30     3.64     7.46     1.16
-0.75   0.00    19.62    75.93     3.12     5.36     1.23
-1.00   0.00    13.41    76.85     3.19     4.46     0.84
-1.25   0.00    -0.92    67.28     2.77     3.82     0.99


 0.00   0.75    -3.88   176.12     3.30     4.43     1.16
-0.25   0.75    29.99   164.99     4.15     4.56     1.49
-0.50   0.75    49.25   165.82     2.58     3.69     0.96
-0.75   0.75    36.17   144.60     3.16     4.77     1.22
-1.00   0.75    87.20   191.23     8.13     8.42     4.90


