# X/m   Y/m  phi/deg phi_error/deg phi_ci/deg std/deg std_ci/deg
 0.00  -0.75    -0.95    -0.95     0.87     2.83     0.95
-0.25  -0.75    -5.84     5.47     1.40     3.25     0.96
-0.50  -0.75   -18.45     3.35     1.47     3.59     1.21
-0.75  -0.75   -24.26     6.71     2.87     4.51     1.47
-1.00  -0.75   -28.88     9.78     2.17     3.89     1.15


 0.00   0.00     0.49     0.49     0.70     3.15     1.14
-0.25   0.00   -19.38     7.18     2.24     4.71     1.25
-0.50   0.00   -32.45    12.55     3.65     5.46     1.00
-0.75   0.00   -32.87    23.44     5.41    10.38     3.43
-1.00   0.00   -25.48    37.96     4.90    10.33     3.87
-1.25   0.00   -35.71    32.49     4.73     7.01     2.96


 0.00   0.75    -0.25   179.75     1.58     2.80     1.04
-0.25   0.75    40.35   175.35     1.39     3.65     0.84
-0.50   0.75    49.07   165.64     3.69     3.95     1.27
-0.75   0.75    44.78   153.21     4.17     3.67     1.31
-1.00   0.75    41.03   145.07     3.54     4.49     1.31


