# Data file generated by gp_save.m
# x/m y/m phi/deg phi_error/deg phi_std/deg
-2	-2	-25.04777512422639	1.085286149648223	0.09911545512329881
-2	-1.851851851851852	-25.45893631807605	0.7766324698033031	0.1569604222691407
-2	-1.703703703703704	-27.03739129292245	1.593644581411201	0.06336141588738124
-2	-1.555555555555556	-30.59780385106496	4.347561481376076	0.2130265345483612
-2	-1.407407407407407	-33.07715770956294	5.971596345354289	0.1910926449394298
-2	-1.259259259259259	-32.86827374757327	4.854416394237514	0.6757120260232774
-2	-1.111111111111111	-31.62387810519038	2.644170407261605	0.1284035192424674
-2	-0.962962962962963	-35.83772651855598	5.829569512207968	0.2450710423053904
-2	-0.8148148148148149	-39.45368114942022	8.348918061548563	0.2184723299219278
-2	-0.6666666666666667	-41.77097713734704	9.495332822769413	0.2327779088474307
-2	-0.5185185185185186	-43.63437950508766	10.10685276154915	0.6611984796719537
-2	-0.3703703703703705	-42.33741495121742	7.469626517022164	1.590648925843437
-2	-0.2222222222222223	-48.18692408536992	11.8824269627947	0.2050666129344996
-2	-0.07407407407407418	-51.20811512391094	13.36167944230537	0.09152249489483429
-2	0.07407407407407396	-50.97217497665022	11.46906748238578	0.7685511263210435
-2	0.2222222222222223	-56.02982137948389	14.74511048491266	0.1509153222361791
-2	0.3703703703703702	-59.42399572434656	16.2219275812471	0.2269319832886137
-2	0.5185185185185182	-62.97752128993286	17.71103121387445	0.1869227866368153
-2	0.6666666666666665	-68.324636241961	20.83508331996185	0.6693017334669753
-2	0.8148148148148149	-72.25311767966686	22.3703581158338	0.4834496674426138
-2	0.9629629629629628	-76.22766539659615	23.77061025636083	0.6334221717726963
-2	1.111111111111111	-77.60994390449703	22.38777527086093	0.2672989931340876
-2	1.259259259259259	-78.89743013547584	20.71166883328814	0.4756741590497386
-2	1.407407407407407	-81.43533142833982	20.08294788514871	0.4631010673868399
-2	1.555555555555555	-82.09608322399977	17.37380545955273	0.7133302426219092
-2	1.703703703703703	-78.71655116033767	10.42643392020892	0.6524972844886516
-2	1.851851851851852	-75.12372781424517	3.07989296687191	0.2491042334575092
-2	2	-72.85433260376446	3.109423928309056	0.4697772404290456
-1.851851851851852	-2	-23.97956484221432	1.61128981482414	0.1478412646934962
-1.851851851851852	-1.851851851851852	-23.82147512770178	0.7701742112287633	0.1495060441763927
-1.851851851851852	-1.703703703703704	-24.38493944232977	0.6100741262445695	0.1662913580856129
-1.851851851851852	-1.555555555555556	-26.46105348242911	1.918618600447651	0.04040184233737378
-1.851851851851852	-1.407407407407407	-30.01737834017043	4.659530819751421	0.1508618167373734
-1.851851851851852	-1.259259259259259	-31.77597554536248	5.550618685597122	0.3871654092262099
-1.851851851851852	-1.111111111111111	-29.2064576018937	2.056775904110534	0.3622656635394556
-1.851851851851852	-0.962962962962963	-31.69354448299979	3.557483892777977	0.2208020140175298
-1.851851851851852	-0.8148148148148149	-36.20890597567099	7.018594457431917	0.3085494285439094
-1.851851851851852	-0.6666666666666667	-39.39105244132199	9.072156240564656	0.488369776879215
-1.851851851851852	-0.5185185185185186	-38.74356241425967	7.214574376506242	1.680673321710363
-1.851851851851852	-0.3703703703703705	-39.04548738495366	6.216945593541119	0.9109929807974153
-1.851851851851852	-0.2222222222222223	-43.87538822110046	9.649026408876644	1.666209232338789
-1.851851851851852	-0.07407407407407418	-48.97478947943931	13.24262574226043	0.1214403750743032
-1.851851851851852	0.07407407407407396	-45.48104471500788	8.124422786487472	0.1992388177270275
-1.851851851851852	0.2222222222222223	-53.94317727539615	14.83178602144179	0.1428770991672595
-1.851851851851852	0.3703703703703702	-56.43357869973649	15.42449179816629	0.2014595143708499
-1.851851851851852	0.5185185185185182	-61.07933847439838	18.01613886061944	0.237871969931348
-1.851851851851852	0.6666666666666665	-69.17834968274755	23.89043361619047	0.2985861580086366
-1.851851851851852	0.8148148148148149	-71.00140575691378	23.30360012359748	0.518943633118328
-1.851851851851852	0.9629629629629628	-74.85452888616854	24.54720203683735	0.2131545547488127
-1.851851851851852	1.111111111111111	-75.7284552529138	22.59835289875782	0.4337427688828395
-1.851851851851852	1.259259259259259	-80.56567645793734	24.38776167543131	0.4028012433936871
-1.851851851851852	1.407407407407407	-80.94073171094226	21.48133656062375	0.802380195872008
-1.851851851851852	1.555555555555555	-80.58191922089642	17.60350081207346	0.5396841986073523
-1.851851851851852	1.703703703703703	-76.40834676465299	9.676051574709945	0.7159398145619205
-1.851851851851852	1.851851851851852	-74.90203098830244	4.192077207491181	0.6478737690491115
-1.851851851851852	2	-73.60252667453722	1.28789820312231	0.3978304946629021
-1.703703703703704	-2	-21.66422623223102	0.9275192435475965	0.07440861771253533
-1.703703703703704	-1.851851851851852	-21.81590909403541	0.4360944969172387	0.163068781871531
-1.703703703703704	-1.703703703703704	-22.39051600169013	0.3284755025086064	0.1164031240040311
-1.703703703703704	-1.555555555555556	-23.14154876916372	0.3546952992473145	0.1989130992338067
-1.703703703703704	-1.407407407407407	-26.33733747494933	2.779223114899171	0.09465059309358964
-1.703703703703704	-1.259259259259259	-29.41598529531509	5.035857944321346	0.1732526750867244
-1.703703703703704	-1.111111111111111	-29.00112673854036	3.743428656242422	0.7341998680544791
-1.703703703703704	-0.962962962962963	-27.90440350740981	1.708204184372029	0.2673292364476362
-1.703703703703704	-0.8148148148148149	-32.36087126988907	5.159226516847582	0.2815723444098855
-1.703703703703704	-0.6666666666666667	-36.55138815602703	8.270616965252458	0.2314634387575768
-1.703703703703704	-0.5185185185185186	-34.5900699164937	5.148940734775032	0.9823493866320375
-1.703703703703704	-0.3703703703703705	-38.85360855461649	8.162427413922636	0.4440209313050461
-1.703703703703704	-0.2222222222222223	-42.27058836039325	10.2301832865534	1.323837383914492
-1.703703703703704	-0.07407407407407418	-45.33486288904643	11.83546281069889	1.861784483803148
-1.703703703703704	0.07407407407407396	-39.96783227706313	4.887845239465179	0.09630709877524227
-1.703703703703704	0.2222222222222223	-51.3172850037306	14.52199119529929	0.2719734370772787
-1.703703703703704	0.3703703703703702	-52.60845883493482	13.94865058084474	0.4558696191571227
-1.703703703703704	0.5185185185185182	-58.3943373906158	17.70496321543634	0.112343601101952
-1.703703703703704	0.6666666666666665	-67.35898329535375	24.45788922855729	0.5541981427552407
-1.703703703703704	0.8148148148148149	-70.0255553118956	24.71246673687495	0.311775824220378
-1.703703703703704	0.9629629629629628	-72.8485759849605	24.9045296349729	0.6894688880898495
-1.703703703703704	1.111111111111111	-77.88176671583813	27.06928433272542	0.6640609302637751
-1.703703703703704	1.259259259259259	-79.48198680435252	25.54637296177077	0.7456447115265677
-1.703703703703704	1.407407407407407	-80.3100590768648	22.98228836554792	1.056063945353885
-1.703703703703704	1.555555555555555	-75.84608576300555	14.84778518689367	0.494027066640063
-1.703703703703704	1.703703703703703	-76.12807132605978	11.17904914250266	1.083945611838404
-1.703703703703704	1.851851851851852	-76.66287061954826	7.491426409755093	0.355283178076826
-1.703703703703704	2	-71.78446163982159	1.859721259161176	0.2275891011927048
-1.555555555555556	-2	-17.82257878996784	1.246614747380281	0.07911391768098541
-1.555555555555556	-1.851851851851852	-19.56059511040484	0.1086725536122231	0.06866082770726781
-1.555555555555556	-1.703703703703704	-19.50644774656605	0.8002460416447121	0.1749478832418947
-1.555555555555556	-1.555555555555556	-20.59075908243237	0.3941387534498233	0.1186475064920639
-1.555555555555556	-1.407407407407407	-21.30133018071663	0.4063822844771181	0.04987015238908321
-1.555555555555556	-1.259259259259259	-25.22361172446099	2.744177327357882	0.3267330158621871
-1.555555555555556	-1.111111111111111	-27.12031751109546	3.815426971892354	0.5756895796080054
-1.555555555555556	-0.962962962962963	-25.33655056677311	1.147036412748914	0.3688034458755606
-1.555555555555556	-0.8148148148148149	-27.74208724895681	2.602654863101424	0.7495735813656291
-1.555555555555556	-0.6666666666666667	-31.72001148345278	5.558445041433554	0.5628858668168929
-1.555555555555556	-0.5185185185185186	-31.45743261842788	4.193687058366439	0.8593014357291042
-1.555555555555556	-0.3703703703703705	-35.60945596886048	7.154620491070641	0.9161121352135214
-1.555555555555556	-0.2222222222222223	-16.54152005824417	13.20336123869803	1.451415114270102
-1.555555555555556	-0.07407407407407418	-15.56504405268707	15.58021909347961	8.208677679422191
-1.555555555555556	0.07407407407407396	-33.39430888700353	0.7254483529915774	1.605099182649133
-1.555555555555556	0.2222222222222223	-34.92401879421728	0.5938015987139593	1.672289920697924
-1.555555555555556	0.3703703703703702	-51.27134367737538	15.12565186569724	0.722884623537063
-1.555555555555556	0.5185185185185182	-52.56910594582492	14.43553574832264	0.3341052774508352
-1.555555555555556	0.6666666666666665	-67.37660224219879	27.0625020817015	0.3497221236253866
-1.555555555555556	0.8148148148148149	-65.54036930503332	22.83097934767184	0.1285300993502011
-1.555555555555556	0.9629629629629628	-73.05920769324734	27.71612329372382	0.5584377396150482
-1.555555555555556	1.111111111111111	-77.73036447366216	29.49066417756004	0.4465032714319079
-1.555555555555556	1.259259259259259	-77.69156024703288	26.26808981047632	0.5591065885526523
-1.555555555555556	1.407407407407407	-75.32379026575252	20.40726414484526	0.5941686123188872
-1.555555555555556	1.555555555555555	-75.92167262965309	17.18540432403052	0.5240563015495854
-1.555555555555556	1.703703703703703	-78.57559486537332	15.68371773617511	0.4854859919301251
-1.555555555555556	1.851851851851852	-73.26448531628685	5.884350264327296	0.4938982403637077
-1.555555555555556	2	-68.38483570479227	3.796275380684946	0.3422691858783439
-1.407407407407407	-2	-16.34668988381706	1.020759255364737	0.05867145855025446
-1.407407407407407	-1.851851851851852	-16.34194732590134	1.579480732132637	0.05224065305631636
-1.407407407407407	-1.703703703703704	-17.42707697102616	1.08355975967007	0.07090503369397809
-1.407407407407407	-1.555555555555556	-18.13667227956827	1.001736440716396	0.1452749277154002
-1.407407407407407	-1.407407407407407	-19.66093920788585	0.1475521456280475	0.1940428882981953
-1.407407407407407	-1.259259259259259	-19.42758218123832	1.097525795394375	0.08620808075358256
-1.407407407407407	-1.111111111111111	-23.5664093574692	2.273378539357072	0.2081227185333469
-1.407407407407407	-0.962962962962963	-20.31375130376856	1.803915023218948	0.9338248808977828
-1.407407407407407	-0.8148148148148149	-17.74217479599662	5.262980329980454	5.987180234693822
-1.407407407407407	-0.6666666666666667	-21.21926819059931	2.743220783978863	1.279457938406908
-1.407407407407407	-0.5185185185185186	-26.43176622375439	1.434118891894904	0.5236309970483156
-1.407407407407407	-0.3703703703703705	-31.18339020935236	5.063634052359511	2.394208820811657
-1.407407407407407	-0.2222222222222223	-27.96253109221944	0.6232597502134034	3.072034454321477
-1.407407407407407	-0.07407407407407418	-33.71624029800729	5.048051906475557	2.943538571032075
-1.407407407407407	0.07407407407407396	-31.51634114984739	1.396062901850598	2.197519659443381
-1.407407407407407	0.2222222222222223	-26.28222529474613	5.429120570491847	1.23932726360213
-1.407407407407407	0.3703703703703702	-11.67006339679095	21.78943885659972	0.2562204051289079
-1.407407407407407	0.5185185185185182	-46.2616357453167	10.87620501621765	0.4697671330583778
-1.407407407407407	0.6666666666666665	-64.56281451891341	27.05020271605706	0.1775278274045589
-1.407407407407407	0.8148148148148149	-59.53631071391764	19.66886515379061	0.6543623327576146
-1.407407407407407	0.9629629629629628	-74.61730209979049	32.13813000750068	0.6194308511662282
-1.407407407407407	1.111111111111111	-75.75281578147114	30.37337908005219	0.6796178627501493
-1.407407407407407	1.259259259259259	-72.31594464577248	23.71466652854905	0.4138989991493988
-1.407407407407407	1.407407407407407	-76.02210205654309	23.84485620568806	0.748489472769687
-1.407407407407407	1.555555555555555	-77.888085997415	21.75177656623328	0.6184013015729034
-1.407407407407407	1.703703703703703	-74.61761752733808	14.11834215083726	0.6572081863105642
-1.407407407407407	1.851851851851852	-70.52698955364392	5.254303940334054	0.4428393170835332
-1.407407407407407	2	-64.71582434413214	5.725924118870424	0.9512203834499325
-1.259259259259259	-2	-14.18200372421519	1.451496621091838	0.3720160564870625
-1.259259259259259	-1.851851851851852	-14.36157079466846	1.776847776965594	0.1179471229786116
-1.259259259259259	-1.703703703703704	-15.54431898827498	1.131766079836364	0.09606220242381884
-1.259259259259259	-1.555555555555556	-15.76262049887375	1.487067505425857	0.04724415592491917
-1.259259259259259	-1.407407407407407	-18.22323802420978	0.3604106370785907	0.5317867242530583
-1.259259259259259	-1.259259259259259	-19.46087785542644	0.941297218851421	0.291170474637937
-1.259259259259259	-1.111111111111111	-20.09952316346816	0.8749428430218877	0.1474832685567376
-1.259259259259259	-0.962962962962963	-67.9327587597555	47.94965223785553	0.7999691185150031
-1.259259259259259	-0.8148148148148149	-26.83752185954726	6.036325045169463	0.1971492999019783
-1.259259259259259	-0.6666666666666667	-25.62982650495849	3.944049110887228	1.057864253250381
-1.259259259259259	-0.5185185185185186	-26.70042761805274	4.055608063788373	0.1380067969695772
-1.259259259259259	-0.3703703703703705	-31.13035701292689	7.442830676206089	0.4191991729529163
-1.259259259259259	-0.2222222222222223	-28.37684055011836	3.552285780935023	0.1395838966544257
-1.259259259259259	-0.07407407407407418	-28.57826800755852	2.509988597405208	1.791150811730355
-1.259259259259259	0.07407407407407396	-28.32886205630684	0.8957594294833058	1.122227662617412
-1.259259259259259	0.2222222222222223	-32.58683504048265	3.651019533154287	1.05603609593429
-1.259259259259259	0.3703703703703702	-35.24406460797498	4.648055140912302	1.446146988845365
-1.259259259259259	0.5185185185185182	-26.63659472781533	5.799935873666271	1.841966336453323
-1.259259259259259	0.6666666666666665	-11.85646823788617	22.62748537756906	1.026163768086573
-1.259259259259259	0.8148148148148149	-62.41204544798272	25.64302054917304	0.1784174970733613
-1.259259259259259	0.9629629629629628	-63.33512566463306	24.00814780455838	0.5333532900769283
-1.259259259259259	1.111111111111111	-64.84487409447676	22.64732561434354	0.6995995224428265
-1.259259259259259	1.259259259259259	-75.88526063337936	30.4608552140179	0.7000680158452431
-1.259259259259259	1.407407407407407	-80.21209592788976	31.15854169605836	0.7169421540383558
-1.259259259259259	1.555555555555555	-73.95809834299442	20.82799598883843	0.5668619209192574
-1.259259259259259	1.703703703703703	-68.22208375599249	10.52941821087462	0.2792872660129553
-1.259259259259259	1.851851851851852	-67.26369580229377	4.4988425015963	1.097160863554432
-1.259259259259259	2	-59.96666478610713	8.377346175470379	0.2281632149195272
-1.111111111111111	-2	-12.36602546925738	1.503660969247662	0.1661857484368447
-1.111111111111111	-1.851851851851852	-13.40740926311134	0.9153107150922111	0.1929645161248776
-1.111111111111111	-1.703703703703704	-13.36370148088681	1.441963845368873	0.09675092063630514
-1.111111111111111	-1.555555555555556	-13.61320753515623	1.708302539708557	0.1025007048968068
-1.111111111111111	-1.407407407407407	-15.21194386334108	0.6616978114586232	0.08237563779268334
-1.111111111111111	-1.259259259259259	-18.714152029291	2.248237734208281	0.4019715333440453
-1.111111111111111	-1.111111111111111	-19.23270374136168	2.129974772309307	0.768750189746888
-1.111111111111111	-0.962962962962963	-19.751217116161	1.96208708721349	1.943685979475468
-1.111111111111111	-0.8148148148148149	-18.37776068717686	0.1531608759913823	0.246886666883111
-1.111111111111111	-0.6666666666666667	-21.07095542183501	1.736146884008598	0.07521967353776265
-1.111111111111111	-0.5185185185185186	-22.63946155935803	2.430893222295449	0.09082574685388806
-1.111111111111111	-0.3703703703703705	-24.48318817106298	3.321928354234714	0.8770446229689001
-1.111111111111111	-0.2222222222222223	-25.09855913778877	2.895080605731383	0.1419920803961852
-1.111111111111111	-0.07407407407407418	-24.25925050712125	0.9115819790301671	0.109022410104159
-1.111111111111111	0.07407407407407396	-30.32248754547583	5.71398474096134	0.7628259118411497
-1.111111111111111	0.2222222222222223	-27.19952774778769	1.196181903276244	0.1485574188565636
-1.111111111111111	0.3703703703703702	-32.95605588001763	5.40324430329985	2.513334360357425
-1.111111111111111	0.5185185185185182	-27.39213081427313	1.889296246785868	0.183326770288931
-1.111111111111111	0.6666666666666665	-31.47091206061217	0.2525092962658171	0.9004881509212083
-1.111111111111111	0.8148148148148149	-10.59482130785934	22.80366716012793	0.08893394231163512
-1.111111111111111	0.9629629629629628	-26.42632930517055	9.436519680690743	8.379380768565991
-1.111111111111111	1.111111111111111	-79.96064879220333	41.30084053811325	1.309416846911684
-1.111111111111111	1.259259259259259	-79.300016736945	37.45485960173697	1.876953156497342
-1.111111111111111	1.407407407407407	-70.76970540907178	25.28823960323343	0.7212782993140431
-1.111111111111111	1.555555555555555	-65.49150680343845	15.85604337653582	0.5975933212940525
-1.111111111111111	1.703703703703703	-63.75549898426566	9.383406275686596	1.574482658247956
-1.111111111111111	1.851851851851852	-62.11499845107264	2.371435614601914	0.2875792937698677
-1.111111111111111	2	-63.13579114849447	2.636463533551343	0.1424702114332491
-0.962962962962963	-2	-11.06757673631237	1.011076974200448	0.0614438501222392
-0.962962962962963	-1.851851851851852	-11.37181773224913	1.105348909756577	0.2070342551194124
-0.962962962962963	-1.703703703703704	-11.91224278715922	0.9901697401087137	0.0918971673839164
-0.962962962962963	-1.555555555555556	-11.47368703320036	1.883435681098526	0.1133803522051249
-0.962962962962963	-1.407407407407407	-12.43091351979651	1.413492117519466	0.1828477600953384
-0.962962962962963	-1.259259259259259	-12.99734659353438	1.370465971139286	0.2098606018483636
-0.962962962962963	-1.111111111111111	-14.80285886903684	0.1285583091007112	0.2445374537820391
-0.962962962962963	-0.962962962962963	-16.54946086474997	1.00954849511638	1.253488892537279
-0.962962962962963	-0.8148148148148149	-16.58796393524377	0.3892353616162758	0.1177603449789736
-0.962962962962963	-0.6666666666666667	-17.11688610381293	0.2027069420346876	0.0578078765666367
-0.962962962962963	-0.5185185185185186	-17.47985948401055	0.2137805094611736	0.2762718237857393
-0.962962962962963	-0.3703703703703705	-19.10904346986032	0.5632712270925175	0.6029919645862329
-0.962962962962963	-0.2222222222222223	-20.98251228351216	1.501712055232797	0.04205637881909878
-0.962962962962963	-0.07407407407407418	-23.02837595346186	2.517516670498722	0.06948775787977292
-0.962962962962963	0.07407407407407396	-25.55605221978623	3.90561940511601	1.93379607154771
-0.962962962962963	0.2222222222222223	-24.89208473883328	1.975182120386556	2.382033138917909
-0.962962962962963	0.3703703703703702	-28.43663514333527	4.105393226400214	3.216054050273978
-0.962962962962963	0.5185185185185182	-28.70349107952507	2.784605508478659	0.3798354219024875
-0.962962962962963	0.6666666666666665	-26.37864223071029	1.332171784542798	0.4682370691118523
-0.962962962962963	0.8148148148148149	-30.76964046325583	1.024759166313597	1.12831934160238
-0.962962962962963	0.9629629629629628	-48.56227309105078	16.49488148779031	0.1576628029384107
-0.962962962962963	1.111111111111111	-76.94475424699958	42.20989470721332	1.131518620206332
-0.962962962962963	1.259259259259259	-57.41666638168274	19.60093377410961	1.330172215409833
-0.962962962962963	1.407407407407407	-59.35018243500055	17.95865128756689	4.122596963425943
-0.962962962962963	1.555555555555555	-59.72587137065975	14.16961914357908	0.5314671029046981
-0.962962962962963	1.703703703703703	-70.93887687443079	20.52700772211377	0.2981230085231731
-0.962962962962963	1.851851851851852	-69.93338726075872	13.87697428051053	0.6071840924737156
-0.962962962962963	2	-63.10780945078517	0.5475373989844812	0.1336002319087022
-0.8148148148148149	-2	-8.937533735029032	1.325809097741574	0.09894936971704693
-0.8148148148148149	-1.851851851851852	-9.207987077648031	1.396946775523476	0.1325919284521765
-0.8148148148148149	-1.703703703703704	-10.16688072627499	0.8028772405255964	0.1257630093515007
-0.8148148148148149	-1.555555555555556	-10.52979966232234	0.8304363804349517	0.1269501706284578
-0.8148148148148149	-1.407407407407407	-10.16436637407721	1.614765816616604	0.1438968483776679
-0.8148148148148149	-1.259259259259259	-10.66845179563513	1.561163961922732	0.2308836015972527
-0.8148148148148149	-1.111111111111111	-11.88651970279244	0.8288172861023195	0.1159156466630922
-0.8148148148148149	-0.962962962962963	-10.70327780077255	2.537242114414646	0.04429164091372672
-0.8148148148148149	-0.8148148148148149	-13.12040710993272	0.6896699819661904	0.108905529713843
-0.8148148148148149	-0.6666666666666667	-12.78519016644988	1.644562083305889	0.2714672640219301
-0.8148148148148149	-0.5185185185185186	-13.09608611326913	2.010212717931653	0.2024409502502187
-0.8148148148148149	-0.3703703703703705	-15.5607180464987	0.2869869354281693	0.09669254564657336
-0.8148148148148149	-0.2222222222222223	-14.5041986778987	2.159280404989239	0.04973911215894072
-0.8148148148148149	-0.07407407407407418	-18.285845494868	0.7208308075750374	0.04097264023298461
-0.8148148148148149	0.07407407407407396	-19.6481676072072	1.082107389537978	0.08345171891403448
-0.8148148148148149	0.2222222222222223	-23.3654953963782	3.682167849937166	1.402834862003517
-0.8148148148148149	0.3703703703703702	-27.80412104851914	6.866835774244482	0.05774847174349788
-0.8148148148148149	0.5185185185185182	-32.4805555389579	10.12735785196852	3.669861490376584
-0.8148148148148149	0.6666666666666665	-24.56709720335286	0.604608228774687	0.2772836509724392
-0.8148148148148149	0.8148148148148149	-16.75055404511257	9.053978354834548	0.1789181014969948
-0.8148148148148149	0.9629629629629628	-9.013034495688585	18.9159442129923	0.6458820778652022
-0.8148148148148149	1.111111111111111	-39.59871055637699	9.199982842210943	19.33384011098946
-0.8148148148148149	1.259259259259259	-66.34555036713493	33.05198709628828	0.1478073864759314
-0.8148148148148149	1.407407407407407	-62.68044172145905	25.9662387454128	0.3721343265073243
-0.8148148148148149	1.555555555555555	-68.47569957225156	27.68987809498562	0.8014779870718562
-0.8148148148148149	1.703703703703703	-75.7620047903943	30.10346161283073	0.1573514541839859
-0.8148148148148149	1.851851851851852	-67.49265923605685	15.99331295640229	0.5342263040923717
-0.8148148148148149	2	-59.05662639219143	0.5914182973797253	0.4822318867059919
-0.6666666666666667	-2	-7.287169922765386	1.139799098715288	0.04703976520298288
-0.6666666666666667	-1.851851851851852	-6.871943960969064	1.837572461035901	0.06747550608502009
-0.6666666666666667	-1.703703703703704	-7.545030558850812	1.466475791887298	0.1607033588820766
-0.6666666666666667	-1.555555555555556	-8.309705035434138	1.025293427704097	0.1250878976008882
-0.6666666666666667	-1.407407407407407	-10.43784943484387	0.7554984331957115	0.7960215566589407
-0.6666666666666667	-1.259259259259259	-7.945110443427337	2.111165873279097	0.04042730482051911
-0.6666666666666667	-1.111111111111111	-7.742750917197166	2.717158175731957	0.3540166201238436
-0.6666666666666667	-0.962962962962963	-8.702284792476568	2.194605962848925	0.07450197094937167
-0.6666666666666667	-0.8148148148148149	-8.330261895503591	3.041212745518395	0.1896268028317877
-0.6666666666666667	-0.6666666666666667	-9.406476487743458	2.482181551884521	0.06723972178273273
-0.6666666666666667	-0.5185185185185186	-8.258106306721025	4.196242991437538	0.06726684400069279
-0.6666666666666667	-0.3703703703703705	-8.795145275597367	4.280435823492517	0.07876496548761229
-0.6666666666666667	-0.2222222222222223	-10.89352586487612	2.867259246915113	0.04791874619419539
-0.6666666666666667	-0.07407407407407418	-11.52335277241737	2.99679624611966	0.08159528493642827
-0.6666666666666667	0.07407407407407396	-12.62653316760892	2.739552045214468	0.06113644636447016
-0.6666666666666667	0.2222222222222223	-16.55813645180129	0.2442840255407361	0.08061066870111051
-0.6666666666666667	0.3703703703703702	-18.49663754644158	1.114248665213658	0.06535490469295781
-0.6666666666666667	0.5185185185185182	-20.92422126896322	2.32878048620659	0.140906276962579
-0.6666666666666667	0.6666666666666665	-13.02292775060239	6.960178771297587	0.1421574060429442
-0.6666666666666667	0.8148148148148149	-5.582352106270229	16.00161713549936	0.109335875048227
-0.6666666666666667	0.9629629629629628	1.35037029972472	24.79843287768254	0.8827786129614581
-0.6666666666666667	1.111111111111111	31.7497549750368	57.39076079934208	1.486193558649551
-0.6666666666666667	1.259259259259259	6.945045618602964	35.19478111357724	0.0483662760686819
-0.6666666666666667	1.407407407407407	-45.74862789354124	14.35835978935342	0.4658110750580055
-0.6666666666666667	1.555555555555555	-80.41015723155238	45.19256426335968	0.8378258680079341
-0.6666666666666667	1.703703703703703	-70.47607341469509	30.53969026772519	0.4311229609178934
-0.6666666666666667	1.851851851851852	-59.96214435854622	14.15521490344386	0.3877048054583033
-0.6666666666666667	2	-50.14259509339982	2.987507260756168	0.2896048341047276
-0.5185185185185186	-2	-4.833641542040373	1.739353444432991	0.1369322601612455
-0.5185185185185186	-1.851851851851852	-4.199559491587809	2.59513893692915	0.1906306591149863
-0.5185185185185186	-1.703703703703704	-4.895732048484883	2.136069990824084	0.05759972517056884
-0.5185185185185186	-1.555555555555556	-6.46715420788513	0.8188049185950774	0.2115395511724055
-0.5185185185185186	-1.407407407407407	-6.684298198844877	0.8747687821963348	0.243066482719374
-0.5185185185185186	-1.259259259259259	-6.589257177025383	1.264056124952831	0.1430080856246228
-0.5185185185185186	-1.111111111111111	-6.331429638156446	1.8398039217933	0.1073866194516903
-0.5185185185185186	-0.962962962962963	-5.342255303479975	3.173527100870091	0.08367819513461075
-0.5185185185185186	-0.8148148148148149	-4.824241679626896	4.066181577736973	0.1809673988918926
-0.5185185185185186	-0.6666666666666667	-5.093917244503477	4.205324437559919	0.1244643665489019
-0.5185185185185186	-0.5185185185185186	-5.440507508885844	4.306582630221618	0.0444100716281405
-0.5185185185185186	-0.3703703703703705	-5.509047347835251	4.730727281204876	0.06684693446612414
-0.5185185185185186	-0.2222222222222223	-5.609752598623766	5.174545268938829	0.04757202389976023
-0.5185185185185186	-0.07407407407407418	-5.569039728878185	5.820139969176333	0.03624179981784937
-0.5185185185185186	0.07407407407407396	-6.752960528894822	5.311923881630604	0.05386789767344252
-0.5185185185185186	0.2222222222222223	-6.153965770704124	6.67043233153103	0.08239025214647142
-0.5185185185185186	0.3703703703703702	-7.350796367438184	6.33322338480931	0.09872705408349267
-0.5185185185185186	0.5185185185185182	-10.64460712225364	4.019854366157466	0.1040574988755845
-0.5185185185185186	0.6666666666666665	-13.52529474767006	2.267108781187227	0.1071380239458197
-0.5185185185185186	0.8148148148148149	-5.737539600836755	11.36518936821562	4.328418119396805
-0.5185185185185186	0.9629629629629628	2.386962256292824	21.02875414999216	1.872050614385403
-0.5185185185185186	1.111111111111111	15.09563631067673	35.56791583041864	0.3321421116743423
-0.5185185185185186	1.259259259259259	-12.58030294622442	10.1002566608005	1.554120652613666
-0.5185185185185186	1.407407407407407	-80.90568449681233	55.5177782057164	0.4901882207503006
-0.5185185185185186	1.555555555555555	-74.42577691169878	45.65812757285499	3.003135672648692
-0.5185185185185186	1.703703703703703	-53.03935183946226	19.96867401670061	0.1530685105962403
-0.5185185185185186	1.851851851851852	-40.33709233035231	1.677284076262232	0.8683712439462387
-0.5185185185185186	2	-30.19883052743922	15.84279614857076	1.259456646338229
-0.3703703703703705	-2	-3.150513217753505	1.554583759512732	0.1214083805401231
-0.3703703703703705	-1.851851851851852	-2.784514782113483	2.079999655647036	0.1164671611711278
-0.3703703703703705	-1.703703703703704	-1.817411181666646	3.217673497790016	0.09432514557828686
-0.3703703703703705	-1.555555555555556	-2.692552868185153	2.525464255389933	0.9549227379539468
-0.3703703703703705	-1.407407407407407	-3.268440301994969	2.146261768960698	0.2487719845917075
-0.3703703703703705	-1.259259259259259	-3.707996265411266	1.918749449729454	0.09222466944088388
-0.3703703703703705	-1.111111111111111	-3.535936739897091	2.320076845531861	0.1351493330383715
-0.3703703703703705	-0.962962962962963	-3.147347187537647	2.957337689391238	0.1068675430029198
-0.3703703703703705	-0.8148148148148149	-2.907298055155837	3.468022919652664	0.1236890499914908
-0.3703703703703705	-0.6666666666666667	-3.092293456668679	3.57865921758519	0.05039102733499139
-0.3703703703703705	-0.5185185185185186	-3.057907267037272	3.93728503022072	0.04712094087990307
-0.3703703703703705	-0.3703703703703705	-2.790032394264567	4.562346965627794	0.08810478943237883
-0.3703703703703705	-0.2222222222222223	-1.531863983647606	6.215908052460515	0.05284043177316356
-0.3703703703703705	-0.07407407407407418	-1.622521247197417	6.565280764707092	0.04354465701990517
-0.3703703703703705	0.07407407407407396	-1.8489832901389	6.831435134932393	0.05075968693454598
-0.3703703703703705	0.2222222222222223	-1.247869749477438	7.987689343688485	0.05309127114390298
-0.3703703703703705	0.3703703703703702	-1.637731246243456	8.228075696840907	0.0327868738216719
-0.3703703703703705	0.5185185185185182	-1.72287569006149	8.864445628175647	0.07543140282023217
-0.3703703703703705	0.6666666666666665	-3.814892300951611	7.606293974047668	0.09348846729032941
-0.3703703703703705	0.8148148148148149	-6.105421229262145	6.289985604496316	0.04297464959100663
-0.3703703703703705	0.9629629629629628	0.4315428923681511	13.97948188036865	1.597605508836838
-0.3703703703703705	1.111111111111111	-10.71101547298306	4.220401705154496	1.1759658024506
-0.3703703703703705	1.259259259259259	-20.13431049271473	3.51355357882267	0.7607654878427851
-0.3703703703703705	1.407407407407407	-4.280658819345615	14.44512902592694	0.05114521518241886
-0.3703703703703705	1.555555555555555	-4.970088337009701	16.44288113786206	0.1438702866338904
-0.3703703703703705	1.703703703703703	-11.96946914823876	12.97443611518579	0.4707830581411895
-0.3703703703703705	1.851851851851852	-17.33868763638979	12.40619366055241	0.4941490353946802
-0.3703703703703705	2	-19.09184885015749	17.43700651682767	0.2118844718366435
-0.2222222222222223	-2	-1.202903031449956	1.624221546711316	0.1880408293501327
-0.2222222222222223	-1.851851851851852	-1.226897713975709	1.69630521800247	0.1588115233976593
-0.2222222222222223	-1.703703703703704	-1.605573813286416	1.420461269739024	0.1787137007158548
-0.2222222222222223	-1.555555555555556	-1.848513436422903	1.287844931909689	0.197006454213638
-0.2222222222222223	-1.407407407407407	-2.080255678286075	1.174765710109695	0.06504892934627708
-0.2222222222222223	-1.259259259259259	-1.115238538463174	2.267767252867437	0.05640549104573689
-0.2222222222222223	-1.111111111111111	-1.070720423500931	2.450732953421304	0.07960353965984612
-0.2222222222222223	-0.962962962962963	-0.4186196615546908	3.253080436816016	0.05773806096243281
-0.2222222222222223	-0.8148148148148149	-0.9792770627881474	2.856042034345145	0.06920753861374988
-0.2222222222222223	-0.6666666666666667	-1.33842331902416	2.675752376386869	0.06094570267496328
-0.2222222222222223	-0.5185185185185186	-0.998109762419476	3.212388640882722	0.04672979765755909
-0.2222222222222223	-0.3703703703703705	0.7807403173536978	5.207711964833094	0.07133425955052847
-0.2222222222222223	-0.2222222222222223	0.4073252076896496	5.07418357912865	0.05006104550580399
-0.2222222222222223	-0.07407407407407418	1.058309746572728	5.992474087132797	0.04337465599798609
-0.2222222222222223	0.07407407407407396	0.697967612378798	5.931829259595231	0.01722302449195344
-0.2222222222222223	0.2222222222222223	0.6339749743724989	6.206172778336301	0.02178573623656466
-0.2222222222222223	0.3703703703703702	1.675133510955858	7.632264625664067	0.05092408900325689
-0.2222222222222223	0.5185185185185182	2.326849433131163	8.72580606050008	0.08612568460429751
-0.2222222222222223	0.6666666666666665	2.429227774303292	9.340454893327976	0.06433073322227591
-0.2222222222222223	0.8148148148148149	1.90498275084708	9.417126853899834	0.08242774369170197
-0.2222222222222223	0.9629629629629628	-1.350078837864639	6.876643626243529	0.04746932556430924
-0.2222222222222223	1.111111111111111	-8.20864888310912	0.881628037713206	3.297228662827349
-0.2222222222222223	1.259259259259259	-18.91980358388849	8.765537003688227	0.9097001470246496
-0.2222222222222223	1.407407407407407	5.711892801394884	17.20845581898066	0.2112348617730295
-0.2222222222222223	1.555555555555555	5.080360287025853	18.32088020221305	0.036035953787003
-0.2222222222222223	1.703703703703703	-13.97048724348628	1.622323695780066	0.06431465705539303
-0.2222222222222223	1.851851851851852	-13.45282965329207	5.471814762759159	1.431903987242882
-0.2222222222222223	2	-11.04195049983887	12.92053847473932	0.05037489181073641
-0.07407407407407418	-2	0.4054516017522368	1.348506834223239	0.05062653235263109
-0.07407407407407418	-1.851851851851852	0.6175810229178591	1.592734166010414	0.06135893974782705
-0.07407407407407418	-1.703703703703704	0.4412306426670994	1.450743425283486	0.1042777259220881
-0.07407407407407418	-1.555555555555556	-0.2914853787801555	0.7548965283179976	0.100522018118578
-0.07407407407407418	-1.407407407407407	0.583856216795788	1.66990204280218	0.1014448686813848
-0.07407407407407418	-1.259259259259259	0.6749760589121135	1.803810855572757	0.05617690817260122
-0.07407407407407418	-1.111111111111111	1.517221310081906	2.692354547321268	0.06176665528702583
-0.07407407407407418	-0.962962962962963	1.556488980467094	2.7818802828412	0.08272613948515287
-0.07407407407407418	-0.8148148148148149	1.830876414055399	3.111015973660318	0.02865178644525535
-0.07407407407407418	-0.6666666666666667	0.9083841359376248	2.248391916837329	0.03503340143589519
-0.07407407407407418	-0.5185185185185186	1.605063045599155	3.010812306645495	0.04051140892302545
-0.07407407407407418	-0.3703703703703705	1.219942383365525	2.698215040054392	0.05709509535854108
-0.07407407407407418	-0.2222222222222223	1.302868219314684	2.861552425525506	0.03808969753837019
-0.07407407407407418	-0.07407407407407418	1.449551324029867	3.097895828926005	0.02346850983515146
-0.07407407407407418	0.07407407407407396	1.387416130685701	3.136362175239928	0.08734175654803013
-0.07407407407407418	0.2222222222222223	0.4482558791136418	2.310876828420314	0.08874872906026995
-0.07407407407407418	0.3703703703703702	0.6423332602318361	2.634426833198276	0.07783784648518098
-0.07407407407407418	0.5185185185185182	1.521241435838295	3.662142802161397	0.01499835025987534
-0.07407407407407418	0.6666666666666665	0.02546486817692595	2.339187366001142	0.02847363543731817
-0.07407407407407418	0.8148148148148149	-1.790444147827741	0.7264315091117755	1.237762813793329
-0.07407407407407418	0.9629629629629628	-3.248005187437745	0.4888975288174771	0.1509145411235237
-0.07407407407407418	1.111111111111111	-3.95012679604235	0.8972442812499213	0.05170992327594327
-0.07407407407407418	1.259259259259259	-14.5090552649048	11.09246707313346	0.05369701734298229
-0.07407407407407418	1.407407407407407	-51.44925821741587	47.57073371456816	0.2519957756531291
-0.07407407407407418	1.555555555555555	-51.21559279105939	46.73098678151476	0.6222163555524178
-0.07407407407407418	1.703703703703703	-17.61252965118389	12.29798398123913	0.3775348384326709
-0.07407407407407418	1.851851851851852	-9.644753280406135	3.124951528749143	0.1030806948964665
-0.07407407407407418	2	-1.430192840371503	6.996776181109183	0.02366389708809792
0.07407407407407396	-2	2.18795836817102	1.244903135700005	0.0628499682436974
0.07407407407407396	-1.851851851851852	2.189645304698968	1.214492161606401	0.05659175306841851
0.07407407407407396	-1.703703703703704	2.338994969102449	1.329482186486062	0.1255982823254017
0.07407407407407396	-1.555555555555556	2.450431408694648	1.404049501596483	0.2105062748839931
0.07407407407407396	-1.407407407407407	2.401808963842849	1.315763137836444	0.07413943496320013
0.07407407407407396	-1.259259259259259	2.666256039589977	1.537421242929334	0.1137212548366009
0.07407407407407396	-1.111111111111111	3.022271981586269	1.847138744346906	0.05112134184399893
0.07407407407407396	-0.962962962962963	3.021854776836006	1.796463474461887	0.08286853327558591
0.07407407407407396	-0.8148148148148149	3.251386324332425	1.971246764727505	0.05343058178548494
0.07407407407407396	-0.6666666666666667	3.484653069594108	2.144645288694405	0.06609683805873123
0.07407407407407396	-0.5185185185185186	3.311594982789737	1.905845721743397	0.02513919761612111
0.07407407407407396	-0.3703703703703705	2.279879035869349	0.8016063791804815	0.01793662649457265
0.07407407407407396	-0.2222222222222223	2.179995342792748	0.6213111365819257	0.02830467761824546
0.07407407407407396	-0.07407407407407418	0.3869327536923849	1.261411751203754	0.05801001946806585
0.07407407407407396	0.07407407407407396	-0.6818422994373983	2.430788343991624	0.06995983163458486
0.07407407407407396	0.2222222222222223	-1.179303827347961	3.041924776654645	0.08137072047201604
0.07407407407407396	0.3703703703703702	-2.722963324794289	4.715056897760729	0.03550424855019207
0.07407407407407396	0.5185185185185182	-1.573639034604221	3.714540400927324	0.1367820779570488
0.07407407407407396	0.6666666666666665	-2.113401665556527	4.427124163380743	0.1795978505450593
0.07407407407407396	0.8148148148148149	-2.010901765408373	4.527777422347889	0.1097289244849187
0.07407407407407396	0.9629629629629628	-1.892255748841116	4.651363407461385	0.09196311126610109
0.07407407407407396	1.111111111111111	0.8197196480067568	2.233162866785672	0.06163789119012818
0.07407407407407396	1.259259259259259	14.42316570865883	11.00657751688749	0.1076339004735229
0.07407407407407396	1.407407407407407	54.46230423435752	50.58377973150981	0.5074470115121773
0.07407407407407396	1.555555555555555	55.16407449556785	50.67946848602323	0.29455398862222
0.07407407407407396	1.703703703703703	18.82648457387254	13.5119389039278	0.1499360953778203
0.07407407407407396	1.851851851851852	14.72433517314166	8.204533421484685	0.1304648952327659
0.07407407407407396	2	13.52974769340764	5.102778671926977	0.2957960232439111
0.2222222222222223	-2	3.670244472666005	0.8431198945047327	0.04599396832283305
0.2222222222222223	-1.851851851851852	3.368148547674583	0.4449456156964033	0.01974784670273146
0.2222222222222223	-1.703703703703704	3.766671648335479	0.7406365653100395	0.0829235531717557
0.2222222222222223	-1.555555555555556	2.196774271975587	0.9395840963570046	0.7054387985698192
0.2222222222222223	-1.407407407407407	3.120994162873039	0.1340272255227317	0.1770874606367619
0.2222222222222223	-1.259259259259259	3.433008378010732	0.0500025866801086	0.1138392923773985
0.2222222222222223	-1.111111111111111	3.391913904339758	0.1295394725824894	0.1073002265987905
0.2222222222222223	-0.962962962962963	4.273261754564169	0.6015616561934625	0.04282610904230737
0.2222222222222223	-0.8148148148148149	4.472464557181461	0.6371454600481554	0.09248287721929283
0.2222222222222223	-0.6666666666666667	4.585069633255982	0.5708939378449527	0.08497879728247069
0.2222222222222223	-0.5185185185185186	2.995459488391684	1.215038914910528	0.07253344089195475
0.2222222222222223	-0.3703703703703705	2.995005848884035	1.431965798595362	0.05599005429283134
0.2222222222222223	-0.2222222222222223	2.735499568248982	1.931358803190018	0.06227092115185901
0.2222222222222223	-0.07407407407407418	2.893573851379504	2.040590489180565	0.02854602656747078
0.2222222222222223	0.07407407407407396	2.19199492647289	3.041866720743544	0.06227490252353914
0.2222222222222223	0.2222222222222223	2.521010113125944	3.051187690837857	0.04602592114226946
0.2222222222222223	0.3703703703703702	3.253977033167867	2.703154081540355	0.07862897439186023
0.2222222222222223	0.5185185185185182	3.378827009690583	3.020129617678335	0.0746053581317362
0.2222222222222223	0.6666666666666665	2.884109634390763	4.027117484633921	0.01577400822355568
0.2222222222222223	0.8148148148148149	1.549045042165814	5.963099060886941	0.2395099785930157
0.2222222222222223	0.9629629629629628	1.217835804288966	7.008886659819215	0.09590771362912473
0.2222222222222223	1.111111111111111	6.337979258488834	2.752297662333492	3.510439497353767
0.2222222222222223	1.259259259259259	0.6660336046519573	9.488232975548316	0.05218180175440911
0.2222222222222223	1.407407407407407	-1.702889637567299	13.19945265515309	0.1038236603306721
0.2222222222222223	1.555555555555555	10.31415056535594	2.926369349831267	0.3400741869470612
0.2222222222222223	1.703703703703703	23.90878614415336	8.315975204887014	0.1127842153120737
0.2222222222222223	1.851851851851852	13.60341265833561	5.321231757715633	0.437250484102143
0.2222222222222223	2	13.90798482115147	10.05450415342673	0.4994442820918606
0.3703703703703702	-2	4.41691297121592	0.2881840060503293	0.1107852985437472
0.3703703703703702	-1.851851851851852	4.701444112095928	0.1630703256646031	0.0366116188140936
0.3703703703703702	-1.703703703703704	4.499024265181003	0.5360604142756715	0.06288270454642396
0.3703703703703702	-1.555555555555556	4.197176133503828	1.02084099007127	0.1256523973144593
0.3703703703703702	-1.407407407407407	3.598149139397077	1.81655293155859	0.1079672839235641
0.3703703703703702	-1.259259259259259	4.912172261020682	0.7145734541200515	0.1005079561558653
0.3703703703703702	-1.111111111111111	4.974280367699633	0.8817332177293196	0.173692913670438
0.3703703703703702	-0.962962962962963	5.191397157239699	0.913287719689186	0.1136726613582357
0.3703703703703702	-0.8148148148148149	3.391494001418069	2.983826973390432	0.08514699710067672
0.3703703703703702	-0.6666666666666667	3.574664504194895	3.096288170058973	0.05906667126681418
0.3703703703703702	-0.5185185185185186	4.435336062477253	2.559856234780753	0.02448804113613291
0.3703703703703702	-0.3703703703703705	4.317184629289955	3.035194730602407	0.03527965628437461
0.3703703703703702	-0.2222222222222223	4.642777087066377	3.104994949041744	0.01920157712915749
0.3703703703703702	-0.07407407407407418	4.691042415243185	3.496759596661324	0.06597564502441589
0.3703703703703702	0.07407407407407396	5.111091421013763	3.569327004057531	0.07078223265895885
0.3703703703703702	0.2222222222222223	4.850086108045907	4.385472985120016	0.07472554364680252
0.3703703703703702	0.3703703703703702	6.591979999504176	3.273826943580188	0.1590167994355322
0.3703703703703702	0.5185185185185182	9.732275647296387	0.8550456709407506	0.1146566421819927
0.3703703703703702	0.6666666666666665	13.84362096904409	2.422434694044808	0.0804172698958381
0.3703703703703702	0.8148148148148149	14.94610810556084	2.550701271802382	0.1366565932166119
0.3703703703703702	0.9629629629629628	9.924750142576121	3.623188845424373	1.176991724203393
0.3703703703703702	1.111111111111111	4.909300458836439	10.0221167193011	0.3123895969751381
0.3703703703703702	1.259259259259259	-1.261060034816666	17.88181694870872	0.01448612438239617
0.3703703703703702	1.407407407407407	-51.45574447855687	70.18153232382943	0.08180484091084786
0.3703703703703702	1.555555555555555	-6.815562760771101	28.22853223564285	0.17950336848999
0.3703703703703702	1.703703703703703	14.45888305780645	10.4850222056181	1.517807792633636
0.3703703703703702	1.851851851851852	22.0133465092503	7.731534787691899	1.233013687315413
0.3703703703703702	2	21.78356402855083	14.74529133843433	0.06350189643241988
0.5185185185185182	-2	5.269872905633457	1.30312208083992	0.03761958256880833
0.5185185185185182	-1.851851851851852	4.737919045288481	2.056779383228477	0.05307964121669526
0.5185185185185182	-1.703703703703704	4.453699530908997	2.57810250839997	0.09939750307850431
0.5185185185185182	-1.555555555555556	4.534939993573379	2.751019132906829	0.5781180847897961
0.5185185185185182	-1.407407407407407	6.913499838460244	0.6455671425809673	0.5387256057208291
0.5185185185185182	-1.259259259259259	6.099690096991983	1.753623204986231	0.1335264354354326
0.5185185185185182	-1.111111111111111	6.543162153563391	1.628071406386355	0.1084297567754214
0.5185185185185182	-0.962962962962963	5.732149465903714	2.783632938446353	0.04603613834964359
0.5185185185185182	-0.8148148148148149	5.835900580419269	3.0545226769446	0.05848734693258383
0.5185185185185182	-0.6666666666666667	5.948717563752147	3.350524118311249	0.09981653425763473
0.5185185185185182	-0.5185185185185186	6.65025244652243	3.096837692585032	0.1006094157914849
0.5185185185185182	-0.3703703703703705	6.396481889377999	3.843292739662114	0.04888255495714998
0.5185185185185182	-0.2222222222222223	7.287878874019365	3.49641899354323	0.1619576897852505
0.5185185185185182	-0.07407407407407418	7.280457232028877	4.108722466025641	0.0686835682319334
0.5185185185185182	0.07407407407407396	8.843653825980267	3.221230584545147	0.05963558839462832
0.5185185185185182	0.2222222222222223	13.09023911269585	0.2658410104607132	0.07667347925669019
0.5185185185185182	0.3703703703703702	15.37191756377643	1.687897811528932	0.09326973898344809
0.5185185185185182	0.5185185185185182	16.67014499169313	2.005683503282027	0.1515426823292447
0.5185185185185182	0.6666666666666665	19.69661158282454	3.904208053967254	0.08728852638700221
0.5185185185185182	0.8148148148148149	16.07639255161401	1.026336417438358	0.1261964002038715
0.5185185185185182	0.9629629629629628	19.03201995846012	0.3902280647607981	1.268458712599872
0.5185185185185182	1.111111111111111	12.61451557026265	7.857763949479258	0.06448036767345146
0.5185185185185182	1.259259259259259	4.722823132682111	17.95773647434279	0.3113034643683671
0.5185185185185182	1.407407407407407	66.93898010384534	41.55107381274944	0.2296539001937948
0.5185185185185182	1.555555555555555	58.02717407571789	29.25952473687411	0.1731751485833113
0.5185185185185182	1.703703703703703	29.08616675115632	3.984511071605329	1.016195029242828
0.5185185185185182	1.851851851851852	51.21463358934675	12.55482533525667	1.804953852588473
0.5185185185185182	2	42.65014627000333	3.391480406006615	0.5400051657590295
0.6666666666666665	-2	6.775640565863462	1.651328455617213	0.04472119621607726
0.6666666666666665	-1.851851851851852	7.021944322409648	1.687572099595317	0.2052008367352995
0.6666666666666665	-1.703703703703704	7.146362222955491	1.865144127782631	0.07697797473313883
0.6666666666666665	-1.555555555555556	7.740926345912842	1.594072117225394	0.06447423349791415
0.6666666666666665	-1.407407407407407	8.420617596564828	1.261733405083326	0.2752281385454485
0.6666666666666665	-1.259259259259259	8.218007388540112	1.838268928166336	0.2212918342257954
0.6666666666666665	-1.111111111111111	8.873333726669738	1.586575366259385	0.3776484729194251
0.6666666666666665	-0.962962962962963	8.430798724379295	2.466092030946211	0.05413721610352139
0.6666666666666665	-0.8148148148148149	8.155317516646212	3.216157124375787	0.1376168953198847
0.6666666666666665	-0.6666666666666667	8.783420222703953	3.105237816924026	0.07767994355116593
0.6666666666666665	-0.5185185185185186	9.897936058242355	2.556413239916209	0.1463494909619529
0.6666666666666665	-0.3703703703703705	10.02863526560869	3.046945833481193	0.1183422056026219
0.6666666666666665	-0.2222222222222223	10.85089849797684	2.909886613814395	0.07612020897193765
0.6666666666666665	-0.07407407407407418	11.7588564239174	2.761292594619633	0.08694168052707509
0.6666666666666665	0.07407407407407396	13.43828627842037	1.927798934403011	0.1335214072838721
0.6666666666666665	0.2222222222222223	17.78796391001428	1.474111483753724	0.1377690770210103
0.6666666666666665	0.3703703703703702	18.78038491765476	1.397996036426846	0.1764434738411284
0.6666666666666665	0.5185185185185182	21.60061050191125	3.005169719154622	0.09692421663669384
0.6666666666666665	0.6666666666666665	18.25150348897017	1.731603032929808	1.326452092013974
0.6666666666666665	0.8148148148148149	16.85393696779877	4.73003227397081	0.1507245595579016
0.6666666666666665	0.9629629629629628	17.89306388073836	5.554998697219457	1.658497634866002
0.6666666666666665	1.111111111111111	30.5508810795368	4.909875255231519	1.436552713830704
0.6666666666666665	1.259259259259259	35.01019561128771	6.760460116313435	0.1836027505092843
0.6666666666666665	1.407407407407407	46.11799157492088	14.72772347073309	0.1018047051706604
0.6666666666666665	1.555555555555555	39.65465606837818	4.437063100185462	0.7870081098865722
0.6666666666666665	1.703703703703703	37.41998995724324	2.516393189726664	0.1202809370725031
0.6666666666666665	1.851851851851852	36.46612999109148	9.340799464010871	1.145841447104767
0.6666666666666665	2	42.04053161403658	11.08957074011941	0.354401818860311
0.8148148148148149	-2	9.724646828883738	0.53869600388688	0.1285211775348618
0.8148148148148149	-1.851851851851852	10.04471159598956	0.5602222571819553	0.03456467962936295
0.8148148148148149	-1.703703703703704	9.91045367414279	1.059304292657792	0.05065414951327084
0.8148148148148149	-1.555555555555556	10.33434086706174	1.025895175695553	0.1006319854000341
0.8148148148148149	-1.407407407407407	11.31670013577595	0.4624320549178762	0.337574568589036
0.8148148148148149	-1.259259259259259	12.25279950021295	0.02318374265506939	0.4096979211302754
0.8148148148148149	-1.111111111111111	12.48770511438103	0.2276318745137438	0.3998570682740522
0.8148148148148149	-0.962962962962963	10.57773993237114	2.662779982816073	0.2032073333717444
0.8148148148148149	-0.8148148148148149	12.40053756436324	1.40953952753569	0.1035506016364604
0.8148148148148149	-0.6666666666666667	12.44135813438941	1.988394115366372	0.05680860126795815
0.8148148148148149	-0.5185185185185186	13.97954755222062	1.126751278980176	0.09810332968567409
0.8148148148148149	-0.3703703703703705	15.21564163862645	0.632063343300425	0.1399398329481958
0.8148148148148149	-0.2222222222222223	15.78892609856551	0.874552984322424	0.13086002750507
0.8148148148148149	-0.07407407407407418	17.10568486260783	0.4593298246851454	0.126492955358589
0.8148148148148149	0.07407407407407396	18.90986781131337	0.3438075936441436	0.1396522010740864
0.8148148148148149	0.2222222222222223	19.5135249001386	0.1698026463024469	0.1353920793068968
0.8148148148148149	0.3703703703703702	19.61942082384365	1.31786445043101	0.9264173134709445
0.8148148148148149	0.5185185185185182	21.53362951156735	0.8195681754220381	0.1806890619563915
0.8148148148148149	0.6666666666666665	20.18277409474151	3.779714879836678	0.5548280443661504
0.8148148148148149	0.8148148148148149	21.03475030459522	4.769782095351896	0.2858500842149884
0.8148148148148149	0.9629629629629628	11.9290545626156	15.99992414606531	0.372386771851545
0.8148148148148149	1.111111111111111	-2.112519866432714	32.51124758059878	0.3254833113284151
0.8148148148148149	1.259259259259259	61.44812140072662	28.15455812987994	0.5202632261570306
0.8148148148148149	1.407407407407407	81.50152150836284	44.78731853231658	1.507266940737295
0.8148148148148149	1.555555555555555	72.91278342236002	32.12696194509406	0.7983621639830211
0.8148148148148149	1.703703703703703	55.35331130969436	9.694768132130754	0.309410745812884
0.8148148148148149	1.851851851851852	46.24148388143909	5.257862398215472	0.7862365632122111
0.8148148148148149	2	40.20442856118157	18.26077953363014	0.315298852361961
0.9629629629629628	-2	11.37470393067713	0.7039497798357015	0.04874641168068793
0.9629629629629628	-1.851851851851852	11.66116950841587	0.8159971335898284	0.06733805524551589
0.9629629629629628	-1.703703703703704	12.00594280665124	0.896469720616702	0.06482310632301438
0.9629629629629628	-1.555555555555556	12.20501487800467	1.15210783629421	0.09182153326274894
0.9629629629629628	-1.407407407407407	12.65818834245229	1.186217294863697	0.09559789425742334
0.9629629629629628	-1.259259259259259	13.11899506856895	1.248817496104715	0.08324395800286444
0.9629629629629628	-1.111111111111111	16.2656819853166	1.334264807179043	0.2819520801086607
0.9629629629629628	-0.962962962962963	16.12467953739286	0.584767167759253	0.2922818335826834
0.9629629629629628	-0.8148148148148149	16.29527960789448	0.0965510342669802	0.3464942509435225
0.9629629629629628	-0.6666666666666667	15.11145214412461	1.802727017653634	0.1969184209784896
0.9629629629629628	-0.5185185185185186	17.193322605892	0.5003173875797202	0.3224401551526911
0.9629629629629628	-0.3703703703703705	19.25949251677091	0.713720274003105	0.3386881036237389
0.9629629629629628	-0.2222222222222223	20.62778011971737	1.146979891438004	0.2979352497057352
0.9629629629629628	-0.07407407407407418	21.78176272755834	1.270903444595177	0.10419919168937
0.9629629629629628	0.07407407407407396	24.34308915706144	2.692656342391217	0.4085279595404663
0.9629629629629628	0.2222222222222223	22.75106876770751	0.1658338507392152	0.4195140759247206
0.9629629629629628	0.3703703703703702	25.38228746814987	1.051045551214813	0.9102908887315243
0.9629629629629628	0.5185185185185182	21.11534503360698	4.803540537439435	0.07518536113040633
0.9629629629629628	0.6666666666666665	25.10033677704358	2.610477238209516	0.2736980126688405
0.9629629629629628	0.8148148148148149	19.6977290347233	10.04715226221893	1.002148608484012
0.9629629629629628	0.9629629629629628	34.26548352714012	2.198091923879623	0.7959149198902949
0.9629629629629628	1.111111111111111	71.14086735643515	36.40600781664889	0.6330239186391052
0.9629629629629628	1.259259259259259	45.68194382169061	7.866211214117484	0.1663229899887973
0.9629629629629628	1.407407407407407	68.73501436686624	27.34348321943258	0.6571692275780119
0.9629629629629628	1.555555555555555	79.63203037768403	34.07577815060336	0.4204636753963016
0.9629629629629628	1.703703703703703	66.37049246599756	15.95862331368053	0.5968262063490039
0.9629629629629628	1.851851851851852	57.36008858400912	1.303675603760929	0.4163673373346971
0.9629629629629628	2	51.42450945738238	11.1357625944183	0.9985578287172996
1.111111111111111	-2	12.62523055959406	1.244455878910983	0.09917733270583418
1.111111111111111	-1.851851851851852	12.60503991914447	1.717680059059084	0.1769623313709018
1.111111111111111	-1.703703703703704	12.84812927528786	1.957536050967816	0.08102057365238709
1.111111111111111	-1.555555555555556	13.59868763865533	1.72282243620946	0.08214057104573147
1.111111111111111	-1.407407407407407	13.67342164627118	2.200220028528523	0.09986862373063572
1.111111111111111	-1.259259259259259	15.7558377388781	0.7100765562046192	0.1327195537477248
1.111111111111111	-1.111111111111111	16.20594268156656	0.8967862874858099	0.4189490021908235
1.111111111111111	-0.962962962962963	20.3229399385204	2.533809909572891	0.954267882331878
1.111111111111111	-0.8148148148148149	18.22762446975903	0.303297093409217	0.2747853860546937
1.111111111111111	-0.6666666666666667	20.7510830986738	1.416274560847384	0.2265818570892996
1.111111111111111	-0.5185185185185186	22.60331366417443	2.394745327111849	0.3123642314267368
1.111111111111111	-0.3703703703703705	23.38076301641475	2.219503199586484	0.1741067270952094
1.111111111111111	-0.2222222222222223	25.89929411144206	3.695815579384671	0.8451688773315363
1.111111111111111	-0.07407407407407418	24.55470842845956	1.207039900368471	0.09405239350173
1.111111111111111	0.07407407407407396	27.95801527983777	3.349512475323284	0.5701433533555837
1.111111111111111	0.2222222222222223	27.91640733408778	1.913061489576332	0.06220407785577256
1.111111111111111	0.3703703703703702	31.46558125702817	3.912769680310365	0.2961972170779785
1.111111111111111	0.5185185185185182	26.6784083244462	2.603018736612825	0.2635272681560287
1.111111111111111	0.6666666666666665	27.98869799578471	3.229704768561671	0.04911832789799416
1.111111111111111	0.8148148148148149	10.65080836743232	22.7476801005549	0.3294306230230573
1.111111111111111	0.9629629629629628	13.95582263728874	21.90702634857255	0.4210313163027213
1.111111111111111	1.111111111111111	71.69746401686943	33.03765576277935	0.2799917503587799
1.111111111111111	1.259259259259259	78.52022218274358	36.67506504753558	0.9870806511899805
1.111111111111111	1.407407407407407	72.90768011599928	27.42621431016094	0.3328380066302145
1.111111111111111	1.555555555555555	73.15548466869296	23.52002124179032	1.320780584165988
1.111111111111111	1.703703703703703	71.49407212287342	17.12197941429436	1.278006666736639
1.111111111111111	1.851851851851852	65.69982177501967	5.956258938548942	0.2156618523337822
1.111111111111111	2	55.87321186337979	9.899042818666025	0.1277130411572332
1.259259259259259	-2	13.56392899314551	2.069571352161519	0.1442337374103643
1.259259259259259	-1.851851851851852	13.65023229432375	2.488186277310298	0.0739304071009419
1.259259259259259	-1.703703703703704	14.14210751687954	2.533977551231802	0.0672796092124382
1.259259259259259	-1.555555555555556	15.13838961212359	2.111298392176032	0.1040688446007799
1.259259259259259	-1.407407407407407	16.19648717375392	1.666340213377268	0.09688999709008071
1.259259259259259	-1.259259259259259	17.16836251202544	1.351218124549575	0.2268755614575202
1.259259259259259	-1.111111111111111	19.35573119919454	0.1311508787482651	0.2913055477595625
1.259259259259259	-0.962962962962963	20.96715395573602	0.9840474338360323	0.3570602784300124
1.259259259259259	-0.8148148148148149	24.27738232174008	3.476185507362281	0.6356885868425545
1.259259259259259	-0.6666666666666667	28.61160007227613	6.92582267820486	2.239979271029109
1.259259259259259	-0.5185185185185186	24.61785258181569	1.97303302755132	0.7196872326551212
1.259259259259259	-0.3703703703703705	30.15361628944853	6.466089952727728	0.4914371541211117
1.259259259259259	-0.2222222222222223	30.17257868762405	5.348023918440688	0.2370207729258552
1.259259259259259	-0.07407407407407418	33.09151306964163	7.023233659488319	1.312000778754521
1.259259259259259	0.07407407407407396	31.85987065068288	4.426768023859339	0.2591358544363776
1.259259259259259	0.2222222222222223	28.18382107271795	0.7519944346104168	0.3336714806757924
1.259259259259259	0.3703703703703702	33.69745251089532	3.101443043832649	2.118481311995652
1.259259259259259	0.5185185185185182	35.44930936132412	3.01277875984249	0.1960827166290084
1.259259259259259	0.6666666666666665	17.67152239322454	16.81243122223068	1.302451722275489
1.259259259259259	0.8148148148148149	57.00904260755109	20.24001770874141	0.6243285463664332
1.259259259259259	0.9629629629629628	69.62156562723233	30.29458776715764	0.8146103003472135
1.259259259259259	1.111111111111111	68.51107188093323	26.31352340080003	0.2220425361679955
1.259259259259259	1.259259259259259	75.62363301283467	30.19922759347321	0.3425163603382115
1.259259259259259	1.407407407407407	79.56324233393013	30.50968810209874	0.5748369332443019
1.259259259259259	1.555555555555555	76.74522511626041	23.61512276210443	0.2507082465199519
1.259259259259259	1.703703703703703	72.83704062841792	15.14437508330006	0.4436599250563888
1.259259259259259	1.851851851851852	69.12669107026409	6.36183776956662	1.259637255934105
1.259259259259259	2	63.27779867913117	5.066212282446337	0.1174817787788832
1.407407407407407	-2	14.95976345797531	2.407685681206507	0.06951573232473839
1.407407407407407	-1.851851851851852	16.02138459787762	1.900043460156372	0.0839538399704452
1.407407407407407	-1.703703703703704	17.08064003244639	1.429996698249852	0.1082812056935499
1.407407407407407	-1.555555555555556	18.06106543333032	1.07734328695436	0.1185398651781973
1.407407407407407	-1.407407407407407	18.47928892905656	1.329202424457339	0.1348613804253717
1.407407407407407	-1.259259259259259	20.01435242072338	0.5107555559093129	0.2268781281388672
1.407407407407407	-1.111111111111111	22.79060482489976	1.497574006787627	0.2428387555585452
1.407407407407407	-0.962962962962963	22.046462995706	0.07120333128150236	0.2238605436249237
1.407407407407407	-0.8148148148148149	24.05401184459379	1.048856718616712	0.9771221872338609
1.407407407407407	-0.6666666666666667	27.2535665611859	3.29107758660771	0.909028970636408
1.407407407407407	-0.5185185185185186	28.59120680938104	3.593559477521552	0.2079229628988057
1.407407407407407	-0.3703703703703705	11.48374824758906	14.63600790940379	16.33212403510265
1.407407407407407	-0.2222222222222223	25.15666768436446	2.1826036576416	1.421558386307977
1.407407407407407	-0.07407407407407418	23.10302561974393	5.565162771787808	2.358901934631916
1.407407407407407	0.07407407407407396	34.3546542524434	4.234376004446585	0.2120731162020196
1.407407407407407	0.2222222222222223	32.73125251843855	1.019906653200572	4.601992448326247
1.407407407407407	0.3703703703703702	-36.27451013562146	69.73401238901212	3.640468745704311
1.407407407407407	0.5185185185185182	41.82596358161072	6.44053285251168	0.9172120246876619
1.407407407407407	0.6666666666666665	52.06058275410373	14.54797095124739	0.2946794803117447
1.407407407407407	0.8148148148148149	58.83020122850697	18.96275566837993	0.2829875619641833
1.407407407407407	0.9629629629629628	69.92461203140692	27.44543993911709	0.1038911413530017
1.407407407407407	1.111111111111111	76.20797461051953	30.82853790910055	0.8228120878410289
1.407407407407407	1.259259259259259	76.74619692768192	28.14491881045849	0.7572753905241879
1.407407407407407	1.407407407407407	78.67036218229842	26.49311633144339	0.5581275982223803
1.407407407407407	1.555555555555555	77.3706210638308	21.23431163264907	0.5272165836593976
1.407407407407407	1.703703703703703	76.27578700027541	15.77651162377457	0.2950750429399335
1.407407407407407	1.851851851851852	71.328315634578	6.055630021268144	0.7971321352922031
1.407407407407407	2	66.5333010960416	3.908447366960971	0.2980813729568004
1.555555555555555	-2	17.92218293930275	1.14701059804538	0.1333797511057089
1.555555555555555	-1.851851851851852	19.369592769722	0.2996748942950624	0.142669764696992
1.555555555555555	-1.703703703703704	19.67511778812723	0.6315760000835304	0.09295333272185789
1.555555555555555	-1.555555555555556	20.17611545383711	0.8087823820450808	0.1021777749551939
1.555555555555555	-1.407407407407407	21.22104974741346	0.4866627177802947	0.1895054457237334
1.555555555555555	-1.259259259259259	24.61684491028996	2.13741051318684	0.1899717438324043
1.555555555555555	-1.111111111111111	25.23114050905889	1.926249969855778	0.2445201181914068
1.555555555555555	-0.962962962962963	25.34448586417118	1.154971710146974	0.123955972846569
1.555555555555555	-0.8148148148148149	28.00579039968537	2.866358013829956	0.1837606012318801
1.555555555555555	-0.6666666666666667	31.21391830289786	5.052351860878602	0.1950926910508904
1.555555555555555	-0.5185185185185186	30.94906161452127	3.685316054459804	0.3095365571557586
1.555555555555555	-0.3703703703703705	35.44224504165829	6.98740956386845	0.2787140236144731
1.555555555555555	-0.2222222222222223	36.96989402053883	7.225012723596603	0.4118015369503649
1.555555555555555	-0.07407407407407418	38.76629957860339	7.621036432436711	0.2176663706099787
1.555555555555555	0.07407407407407396	37.74024264896842	5.071382114956492	0.7775543538351856
1.555555555555555	0.2222222222222223	44.90392646183427	10.57370926633094	0.1271515503063147
1.555555555555555	0.3703703703703702	49.23282731677811	13.08713550509997	0.1572856652025907
1.555555555555555	0.5185185185185182	51.56869819533962	13.43512799783734	0.189024041612809
1.555555555555555	0.6666666666666665	62.19603836251033	21.88193820201304	0.2892741118308168
1.555555555555555	0.8148148148148149	65.54857536992279	22.83918541256131	0.1493280506395147
1.555555555555555	0.9629629629629628	69.21415474957759	23.87107035005406	0.2440207874309601
1.555555555555555	1.111111111111111	76.65405521595449	28.41435491985236	0.4636996942915294
1.555555555555555	1.259259259259259	80.3563369006246	28.93286646406803	0.8350180545840983
1.555555555555555	1.407407407407407	79.97746959375482	25.06094347284756	0.5592259854457547
1.555555555555555	1.555555555555555	78.18129912936897	19.4450308237464	0.4797239525712724
1.555555555555555	1.703703703703703	75.72805915186481	12.83618202266658	0.5376321587369799
1.555555555555555	1.851851851851852	73.70537025991095	6.325235207951394	0.4656114174116891
1.555555555555555	2	69.37476652364077	2.806344561836468	0.1714832517990382
1.703703703703703	-2	21.40010949433968	0.6634025056562614	0.1114020622767862
1.703703703703703	-1.851851851851852	21.59116667474974	0.2113520776315667	0.1472199334390527
1.703703703703703	-1.703703703703704	21.87166980720093	0.1903706919805863	0.0717270546869896
1.703703703703703	-1.555555555555556	22.78730095432301	0.0004474844066102435	0.1104940103646532
1.703703703703703	-1.407407407407407	25.74353999124656	2.185425631196402	0.1047258239007036
1.703703703703703	-1.259259259259259	27.69635437590031	3.31622702490656	0.1202620001796164
1.703703703703703	-1.111111111111111	27.60488695598039	2.347188873682455	0.2252574845151805
1.703703703703703	-0.962962962962963	28.51018042361352	2.313981100575742	0.1900752150212847
1.703703703703703	-0.8148148148148149	32.54967767262103	5.348032919579545	0.242202997967895
1.703703703703703	-0.6666666666666667	34.61942206081638	6.338650870041803	0.3223402183208109
1.703703703703703	-0.5185185185185186	34.41629972101116	4.975170539292499	0.2307018266118377
1.703703703703703	-0.3703703703703705	38.5407640758358	7.849582935141939	0.2124014680692793
1.703703703703703	-0.2222222222222223	39.80905153108871	7.768646457248863	0.3396308442763077
1.703703703703703	-0.07407407407407418	42.65778109294378	9.158381014596237	0.293749163893934
1.703703703703703	0.07407407407407396	44.77296041027585	9.692973372677898	0.1774724667834928
1.703703703703703	0.2222222222222223	48.78501121927649	11.98971741084517	0.1317332017022264
1.703703703703703	0.3703703703703702	54.53954419741094	15.87973594332086	0.3062378016857218
1.703703703703703	0.5185185185185182	55.81433180703549	15.12495763185603	0.3891701957897165
1.703703703703703	0.6666666666666665	63.60321019912503	20.70211613232857	0.1851542632783379
1.703703703703703	0.8148148148148149	68.83369076552732	23.52060219050667	0.1775193436971385
1.703703703703703	0.9629629629629628	71.25852909580597	23.31448274581836	0.2579334663240561
1.703703703703703	1.111111111111111	75.84807931395861	25.0355969308459	0.306591575871311
1.703703703703703	1.259259259259259	79.30341376669375	25.36779992411201	0.6699318310205499
1.703703703703703	1.407407407407407	82.47556166069023	25.14779094937332	0.5996697852174647
1.703703703703703	1.555555555555555	79.87970273775002	18.88140216163814	0.5945306744485707
1.703703703703703	1.703703703703703	76.85969436937283	11.91067218581571	0.5804353625134769
1.703703703703703	1.851851851851852	74.91522962577559	5.74378541598243	0.7232873581633334
1.703703703703703	2	71.14686044292587	2.497322456056892	0.3114461769420042
1.851851851851852	-2	23.33432552229703	0.9660504949068525	0.1483205419755737
1.851851851851852	-1.851851851851852	23.37683445572353	0.3255335392505145	0.09891602762630931
1.851851851851852	-1.703703703703704	24.18579324976449	0.4109279336792895	0.105603308996008
1.851851851851852	-1.555555555555556	26.94825948704527	2.405824605063806	0.1227363707913636
1.851851851851852	-1.407407407407407	28.95735187636911	3.599504355950103	0.1454251478353861
1.851851851851852	-1.259259259259259	30.04830727608443	3.82295041631907	0.1324236814319596
1.851851851851852	-1.111111111111111	29.76778805591308	2.618106358129918	0.1349147928399961
1.851851851851852	-0.962962962962963	32.37110307058073	4.235042480358889	0.2238025079819327
1.851851851851852	-0.8148148148148149	36.00233024050412	6.812018722265051	0.2413081165927682
1.851851851851852	-0.6666666666666667	36.99723316075962	6.678336960002287	0.2097836607939531
1.851851851851852	-0.5185185185185186	37.74168741273293	6.212699374979525	0.1300448252640554
1.851851851851852	-0.3703703703703705	41.31034435716403	8.481802565751487	0.2296622391620021
1.851851851851852	-0.2222222222222223	43.10957287736587	8.883211065142056	0.3121128616298227
1.851851851851852	-0.07407407407407418	45.28711103989806	9.554947302719185	0.3208525969023489
1.851851851851852	0.07407407407407396	48.46610973926776	11.10948781074733	0.1340059266726107
1.851851851851852	0.2222222222222223	51.78337978001666	12.67198852606231	0.1752266553276509
1.851851851851852	0.3703703703703702	58.13059884653701	17.12151194496678	0.102988744836282
1.851851851851852	0.5185185185185182	58.66254128247338	15.59934166869442	0.5907412253158636
1.851851851851852	0.6666666666666665	64.62932185271339	19.34140578615631	0.313553572436366
1.851851851851852	0.8148148148148149	70.43477619435433	22.73697056103803	0.2031095828729041
1.851851851851852	0.9629629629629628	73.51783267754186	23.21050582821068	0.5473204637510517
1.851851851851852	1.111111111111111	76.10656564109571	22.97646328693973	0.5069434868235531
1.851851851851852	1.259259259259259	79.63390482133377	23.45599003882771	0.3510463048031097
1.851851851851852	1.407407407407407	81.64108929910859	22.18169414879008	0.3466684001419301
1.851851851851852	1.555555555555555	81.72418616781438	18.74576775899142	0.6075202933247834
1.851851851851852	1.703703703703703	78.41013095752193	11.67783576757888	0.5525521711227025
1.851851851851852	1.851851851851852	74.46695122406342	3.75699744325216	0.5850145640133589
1.851851851851852	2	73.02688084748726	1.863544030172264	0.2979385688071102
2	-2	24.84342670071512	0.8809377261369313	0.1385726344732446
2	-1.851851851851852	25.60992724275599	0.9276233944832377	0.08338838326568707
2	-1.703703703703704	27.75611360378989	2.312366892278643	0.09133348148781591
2	-1.555555555555556	30.15326632514336	3.903023955454479	0.131488149037835
2	-1.407407407407407	31.45336531094897	4.347803946740321	0.1691771244772214
2	-1.259259259259259	31.84648780137546	3.832630448039708	0.2196309562502353
2	-1.111111111111111	32.81844206557268	3.838734367643902	0.1439692737386644
2	-0.962962962962963	36.15432384928532	6.146166842937305	0.1925488847503538
2	-0.8148148148148149	38.71551527007268	7.610752182201022	0.1181835908486413
2	-0.6666666666666667	39.17349955508003	6.897855240502402	0.2669655772586184
2	-0.5185185185185186	40.74376525434466	7.216238510806122	0.1290846780027895
2	-0.3703703703703705	44.09452845393288	9.226740019737626	0.2647124949526052
2	-0.2222222222222223	45.73717192206497	9.432674799489732	0.2142566908049161
2	-0.07407407407407418	48.26166999155235	10.41523430994677	0.2189376676676058
2	0.07407407407407396	51.51219847919989	12.00909098493545	0.138944729294683
2	0.2222222222222223	54.33994389630229	13.05523300173106	0.3553066466352963
2	0.3703703703703702	59.83349631674039	16.63142817364091	0.1228282523564387
2	0.5185185185185182	60.89097522225158	15.62448514619317	0.2438085061297022
2	0.6666666666666665	65.86950442528243	18.37995150328328	0.2278711540812899
2	0.8148148148148149	71.52908290939629	21.64632334556323	0.2971454967959263
2	0.9629629629629628	75.167367703322	22.71031256308668	0.3921266026471332
2	1.111111111111111	77.12435798200858	21.90218934837244	0.4334974848301684
2	1.259259259259259	78.60108919693974	20.41532789475203	0.6964715822646287
2	1.407407407407407	81.18661013804083	19.8342265948497	0.2575244956937645
2	1.555555555555555	82.38854656946032	17.66626880501327	0.2786073810865635
2	1.703703703703703	80.53937874927699	12.24926150914824	0.2157989916530432
2	1.851851851851852	76.99818050307012	4.954345655696855	0.4434474515689703
2	2	72.57358626886067	3.390170263212852	0.5906707974404267
