# Data file generated by gp_save.m
# x/m y/m phi/deg phi_error/deg phi_std/deg
-2	-2	-24.74058932150049	0.7781003469223151	0.1685476530264783
-2	-1.851851851851852	-25.18047068725006	0.498166838977312	0.20813703094685
-2	-1.703703703703704	-25.56007804954457	0.1163313380333193	0.07414109863450152
-2	-1.555555555555556	-27.87368917212224	1.62344680243336	0.07707015611879323
-2	-1.407407407407407	-30.69133967781552	3.585778313606866	0.1998658835214566
-2	-1.259259259259259	-31.56906422140305	3.555206868067291	0.2315489364506364
-2	-1.111111111111111	-31.69081171522641	2.71110401729764	0.207926828354404
-2	-0.962962962962963	-33.24247176513397	3.234314758785956	0.08048395121135546
-2	-0.8148148148148149	-37.26953549262315	6.164772404751492	0.110223704735938
-2	-0.6666666666666667	-39.02335356245084	6.74770924787321	0.383468231251766
-2	-0.5185185185185186	-39.60857493367695	6.081048190138439	0.2499124573282225
-2	-0.3703703703703705	-44.26335872491862	9.39557029072337	0.1401655138604522
-2	-0.2222222222222223	-47.26535549411082	10.9608583715356	0.3386410142359768
-2	-0.07407407407407418	-49.32166118018232	11.47522549857674	0.403607984536546
-2	0.07407407407407396	-52.98110437185312	13.47799687758868	0.1193509697133412
-2	0.2222222222222223	-54.80083368740691	13.51612279283567	0.3215984358877697
-2	0.3703703703703702	-60.67629225178674	17.47422410868728	0.1264503873512561
-2	0.5185185185185182	-61.95291242364792	16.68642234758951	0.4570159337321952
-2	0.6666666666666665	-66.16158739107041	18.67203446907126	0.4338245676782804
-2	0.8148148148148149	-71.50504278258458	21.62228321875152	0.3893179546865694
-2	0.9629629629629628	-75.91146225028334	23.45440711004802	0.2945864093108658
-2	1.111111111111111	-77.50194314665625	22.27977451302014	0.3174720495211684
-2	1.259259259259259	-79.06156928855121	20.8758079863635	0.346267353108634
-2	1.407407407407407	-82.63837541495703	21.28599187176591	0.4176656613787229
-2	1.555555555555555	-81.30201578169353	16.57973801724648	0.6510189154134617
-2	1.703703703703703	-79.94201350353845	11.6518962634097	0.3214898189789718
-2	1.851851851851852	-76.37439220918236	4.330557361809099	0.6310555473721209
-2	2	-73.05784901763437	2.90590751443915	0.2282219628947692
-1.851851851851852	-2	-23.43393742078145	1.065662393391271	0.1155775835142846
-1.851851851851852	-1.851851851851852	-23.52256275641361	0.4712618399405883	0.2363815773181621
-1.851851851851852	-1.703703703703704	-23.84658739664767	0.07172208056246632	0.1833094281924781
-1.851851851851852	-1.555555555555556	-24.3526487167075	0.1897861652739614	0.06342378165672524
-1.851851851851852	-1.407407407407407	-27.20731206641006	1.849464545991054	0.06059348811097829
-1.851851851851852	-1.259259259259259	-29.46616298510654	3.240806125341173	0.3003936168471883
-1.851851851851852	-1.111111111111111	-29.17892403685087	2.029242339067704	0.3472058200025631
-1.851851851851852	-0.962962962962963	-30.09520343600447	1.959142845782655	0.1028440596816041
-1.851851851851852	-0.8148148148148149	-33.47338979461062	4.283078276371548	0.04007030582071433
-1.851851851851852	-0.6666666666666667	-36.20660358399734	5.887707383240002	0.2760063050645803
-1.851851851851852	-0.5185185185185186	-36.87073627786069	5.341748240107265	0.2147304185389779
-1.851851851851852	-0.3703703703703705	-40.80584399165495	7.977302200242406	0.1267003443142675
-1.851851851851852	-0.2222222222222223	-44.66820310501731	10.4418412927935	0.269664729935813
-1.851851851851852	-0.07407407407407418	-46.43010389147179	10.69794015429292	0.3261517922678597
-1.851851851851852	0.07407407407407396	-49.87360502954477	12.51698310102436	0.1712930962422526
-1.851851851851852	0.2222222222222223	-51.81429830985504	12.70290705590069	0.1413179832396319
-1.851851851851852	0.3703703703703702	-58.86395170993799	17.85486480836779	0.1224879458609441
-1.851851851851852	0.5185185185185182	-59.83481795247768	16.77161833869874	0.3953980730587628
-1.851851851851852	0.6666666666666665	-64.54105012951045	19.25313406295337	0.3260039594569631
-1.851851851851852	0.8148148148148149	-70.04340795866237	22.34560232534607	0.4768510494086497
-1.851851851851852	0.9629629629629628	-73.67474541493233	23.36741856560115	0.3161830988390476
-1.851851851851852	1.111111111111111	-76.62129272126811	23.49119036711212	0.3310130546152102
-1.851851851851852	1.259259259259259	-80.8543833729462	24.67646859044017	0.6960376748183443
-1.851851851851852	1.407407407407407	-81.42890184016244	21.96950668984393	0.5665353788546512
-1.851851851851852	1.555555555555555	-80.51649888441496	17.538080475592	0.7271012777008571
-1.851851851851852	1.703703703703703	-78.19727732956096	11.46498213961792	0.4798854403599734
-1.851851851851852	1.851851851851852	-74.31248451837288	3.602530737561622	0.3002399000382504
-1.851851851851852	2	-74.87154765305829	0.01887722460124053	0.1380576436698348
-1.703703703703704	-2	-21.03800258592074	0.3012955972373206	0.1906222939951451
-1.703703703703704	-1.851851851851852	-21.79319485657451	0.4133802594563392	0.1366812797755519
-1.703703703703704	-1.703703703703704	-22.13525876866693	0.07321826948540888	0.2672909274216645
-1.703703703703704	-1.555555555555556	-22.31573021070342	0.4711232592129839	0.157861735468797
-1.703703703703704	-1.407407407407407	-22.76146945721267	0.796644902837496	0.1187413772607052
-1.703703703703704	-1.259259259259259	-26.12807308060068	1.747945729606936	0.1503323292486377
-1.703703703703704	-1.111111111111111	-27.22852875542555	1.970830673127615	0.2558997204820642
-1.703703703703704	-0.962962962962963	-27.65843268102513	1.462233357987348	0.1829212869538528
-1.703703703703704	-0.8148148148148149	-29.36908416205943	2.167439409017941	0.03383046505164182
-1.703703703703704	-0.6666666666666667	-32.72691139487444	4.446140204099869	0.3833161493186669
-1.703703703703704	-0.5185185185185186	-33.613642131087	4.17251294936834	0.2669924010907468
-1.703703703703704	-0.3703703703703705	-37.68196523755559	6.990784096861738	0.1288854929679085
-1.703703703703704	-0.2222222222222223	-40.16689459574848	8.126489521908631	0.2006675079083457
-1.703703703703704	-0.07407407407407418	-43.30636843632072	9.806968357973176	0.3555825273579928
-1.703703703703704	0.07407407407407396	-45.62659340784911	10.54660637025116	0.2151166148393745
-1.703703703703704	0.2222222222222223	-48.99703997509788	12.20174616666656	0.08720532824384927
-1.703703703703704	0.3703703703703702	-56.14762408333551	17.48781582924543	0.1297880971741855
-1.703703703703704	0.5185185185185182	-57.27714998809448	16.58777581291502	0.1906003195162534
-1.703703703703704	0.6666666666666665	-64.75137652919121	21.85028246239474	0.2858913228366095
-1.703703703703704	0.8148148148148149	-68.25662438173472	22.94353580671407	0.5126997265190322
-1.703703703703704	0.9629629629629628	-71.31728952155417	23.37324317156656	0.3561833186149717
-1.703703703703704	1.111111111111111	-77.26840930360933	26.45592692049662	0.837177728066941
-1.703703703703704	1.259259259259259	-80.67338424459908	26.73777040201733	0.6330755448560271
-1.703703703703704	1.407407407407407	-79.95667609515907	22.62890538384218	0.7554058410652925
-1.703703703703704	1.555555555555555	-79.21922921073363	18.22092863462175	0.8126842088766437
-1.703703703703704	1.703703703703703	-75.78102449727831	10.83200231372119	0.5058830241081652
-1.703703703703704	1.851851851851852	-76.07799171550309	6.906547505709923	0.2650013692056476
-1.703703703703704	2	-73.93440363514352	0.2902207361607623	0.5811405854449798
-1.555555555555556	-2	-17.65545977062155	1.413733766726576	0.0544512039352853
-1.555555555555556	-1.851851851851852	-19.35619828420273	0.3130693798143334	0.2005177520120663
-1.555555555555556	-1.703703703703704	-19.99302746932595	0.3136663188848097	0.171864307164054
-1.555555555555556	-1.555555555555556	-20.86443249655571	0.1204653393264756	0.2605691996880646
-1.555555555555556	-1.407407407407407	-20.788870013134	0.9188424520597529	0.139645401805884
-1.555555555555556	-1.259259259259259	-21.61003229576622	0.8694021013368847	0.07303728955147802
-1.555555555555556	-1.111111111111111	-24.66279506221494	1.357904523011825	0.3366357136298812
-1.555555555555556	-0.962962962962963	-25.18148011210726	0.991965958083064	0.3844593691904536
-1.555555555555556	-0.8148148148148149	-25.83751868303512	0.6980862971797386	0.2245514484057738
-1.555555555555556	-0.6666666666666667	-28.59199275993121	2.43042631791198	0.2621896413507193
-1.555555555555556	-0.5185185185185186	-29.62156810084265	2.357822540781207	0.5902075083790593
-1.555555555555556	-0.3703703703703705	-35.56920555215936	7.114370074369521	0.9587888517967096
-1.555555555555556	-0.2222222222222223	-34.13176704314285	4.386885746200647	0.09124178277546405
-1.555555555555556	-0.07407407407407418	-34.69668999075942	3.55142684459274	0.3546334105674279
-1.555555555555556	0.07407407407407396	-34.52892154790003	1.860061013888078	0.2045834242756186
-1.555555555555556	0.2222222222222223	-47.00555658420519	12.67533938870186	0.4506144347159172
-1.555555555555556	0.3703703703703702	-50.17325971723965	14.0275679055615	0.1660640321409883
-1.555555555555556	0.5185185185185182	-52.6387066041312	14.50513640662892	0.5973278191516025
-1.555555555555556	0.6666666666666665	-63.37463396138402	23.06053380088673	0.3230419100009213
-1.555555555555556	0.8148148148148149	-62.65586600956264	19.94647605220116	0.3727061237646165
-1.555555555555556	0.9629629629629628	-70.52613789144473	25.18305349192121	0.1435057206685302
-1.555555555555556	1.111111111111111	-77.75217107427963	29.51247077817751	1.152336202027954
-1.555555555555556	1.259259259259259	-79.12605641471573	27.70258597815917	0.8855170916069928
-1.555555555555556	1.407407407407407	-77.12685963511578	22.21033351420852	0.7986670708184651
-1.555555555555556	1.555555555555555	-76.84885130658355	18.11258300096099	0.7288779871272403
-1.555555555555556	1.703703703703703	-79.37406309780349	16.48218596860528	0.6743528460655233
-1.555555555555556	1.851851851851852	-75.76683160684851	8.386696554888957	0.5588240406997295
-1.555555555555556	2	-70.90841028832551	1.2727007971517	0.2729594714409302
-1.407407407407407	-2	-15.65521887275768	1.712230266424118	0.0961041851545423
-1.407407407407407	-1.851851851851852	-16.32535022442568	1.596077833608298	0.03772146657297456
-1.407407407407407	-1.703703703703704	-17.45254845784673	1.058088272849506	0.1638170220855162
-1.407407407407407	-1.555555555555556	-18.58721043431112	0.5511982859735483	0.2583625906488025
-1.407407407407407	-1.407407407407407	-19.62039612761814	0.1880952258957578	0.2627997483335079
-1.407407407407407	-1.259259259259259	-19.14069947674533	1.384408499887368	0.1314658455011096
-1.407407407407407	-1.111111111111111	-20.32139758286069	0.9716332352514385	0.07191868220391735
-1.407407407407407	-0.962962962962963	-22.13386910588648	0.01620277889897892	0.4918698432637775
-1.407407407407407	-0.8148148148148149	-24.0848113282285	1.079656202251428	0.2906675923137966
-1.407407407407407	-0.6666666666666667	-17.95974759548719	6.002741379090981	0.8478459852024024
-1.407407407407407	-0.5185185185185186	-27.63762275973327	2.639975427873786	0.4221542793591039
-1.407407407407407	-0.3703703703703705	-25.93844362564914	0.1813125313437141	1.701786322233322
-1.407407407407407	-0.2222222222222223	-26.22300936047932	1.116261981526719	0.3000689903199475
-1.407407407407407	-0.07407407407407418	-28.73903761567317	0.07084922414143335	3.948147876605091
-1.407407407407407	0.07407407407407396	-29.2512750031832	0.8690032448135909	0.31143901802396
-1.407407407407407	0.2222222222222223	-19.49054545198887	12.22080041324911	0.3840661155041761
-1.407407407407407	0.3703703703703702	-4.062404026936542	29.39709822645413	1.717599205007116
-1.407407407407407	0.5185185185185182	-49.33170793232338	13.94627720322433	0.1690111507059137
-1.407407407407407	0.6666666666666665	-59.39455970917559	21.88194790631924	0.1661741594628168
-1.407407407407407	0.8148148148148149	-55.06757074298434	15.20012518285731	1.516421259691005
-1.407407407407407	0.9629629629629628	-75.4859310363056	33.00675894401579	0.9170813769323659
-1.407407407407407	1.111111111111111	-76.02669618047628	30.64725947905733	0.8815539205116079
-1.407407407407407	1.259259259259259	-74.07206085342018	25.47078273619675	0.4380123246645957
-1.407407407407407	1.407407407407407	-77.09095340353302	24.91370755267799	0.9424810265162439
-1.407407407407407	1.555555555555555	-80.52189469659574	24.38558526541402	0.4863377314027532
-1.407407407407407	1.703703703703703	-75.19498020567494	14.69570482917412	1.164669822720917
-1.407407407407407	1.851851851851852	-71.88488513389186	6.612199520581996	0.3532223705711769
-1.407407407407407	2	-65.15660164572539	5.28514681727718	0.7017024891246944
-1.259259259259259	-2	-13.75962089182855	1.873879453478473	0.1425953648692934
-1.259259259259259	-1.851851851851852	-14.85240272083192	1.286015850802134	0.0456970809435149
-1.259259259259259	-1.703703703703704	-15.13474133289575	1.541343735215596	0.05553762182812545
-1.259259259259259	-1.555555555555556	-16.26578725181087	0.98390075248874	0.06987807599682386
-1.259259259259259	-1.407407407407407	-17.92780534243548	0.06497795530429329	0.2786283990217683
-1.259259259259259	-1.259259259259259	-18.26900667159326	0.2505739649817542	0.2390059976363875
-1.259259259259259	-1.111111111111111	-18.30051248690333	0.9240678335429457	0.3029184882410215
-1.259259259259259	-0.962962962962963	-21.08744882423992	1.104342302339948	0.3349915855332921
-1.259259259259259	-0.8148148148148149	-24.73232561581033	3.931128801432532	0.4378310754983666
-1.259259259259259	-0.6666666666666667	-25.52001602504545	3.83423863097418	1.495923866676425
-1.259259259259259	-0.5185185185185186	-23.03290750290741	0.3880879486430509	0.2512062450888168
-1.259259259259259	-0.3703703703703705	-26.41963426019309	2.732107923472284	0.4213726478243119
-1.259259259259259	-0.2222222222222223	-24.44788692860052	0.3766678405828081	0.5472799715064273
-1.259259259259259	-0.07407407407407418	-25.01701960058843	1.051259809564883	0.1519727251272031
-1.259259259259259	0.07407407407407396	-25.98622110028165	1.446881526541883	0.09922301113050978
-1.259259259259259	0.2222222222222223	-23.32377232907668	5.612043178251685	0.1303704466127016
-1.259259259259259	0.3703703703703702	-26.65655381371671	3.939455653345966	0.4893892421825546
-1.259259259259259	0.5185185185185182	-17.86946346413741	14.56706713734419	0.395792060145997
-1.259259259259259	0.6666666666666665	-8.125326938377464	26.35862667707776	1.500326773299322
-1.259259259259259	0.8148148148148149	-56.40603709889204	19.63701220008237	0.1281425138468533
-1.259259259259259	0.9629629629629628	-69.32917637607656	30.00219851600188	0.3057264535637368
-1.259259259259259	1.111111111111111	-60.85203932980252	18.65449084966929	0.6135877576647965
-1.259259259259259	1.259259259259259	-74.36359363469481	28.93918821533335	1.354659062089592
-1.259259259259259	1.407407407407407	-80.73632206334177	31.68276783151038	0.930639206996249
-1.259259259259259	1.555555555555555	-75.11822830059198	21.98812594643599	0.8075916602044019
-1.259259259259259	1.703703703703703	-70.15251211081944	12.45984656570158	1.03482896140295
-1.259259259259259	1.851851851851852	-63.76933583419252	1.00448253349505	1.46966014320614
-1.259259259259259	2	-61.25813141596957	7.085879545607938	0.4639461408110597
-1.111111111111111	-2	-12.70592495809047	1.163761480414573	0.1613899433608344
-1.111111111111111	-1.851851851851852	-13.35379720550691	0.9689227726966418	0.0484189658447188
-1.111111111111111	-1.703703703703704	-13.31343418427666	1.492231141979017	0.03075509369317076
-1.111111111111111	-1.555555555555556	-14.07950126075277	1.242008814112017	0.05812504557079572
-1.111111111111111	-1.407407407407407	-15.0841950486853	0.7894466261144011	0.2069039954286915
-1.111111111111111	-1.259259259259259	-16.54922610227825	0.08331180719553188	0.2816341635422214
-1.111111111111111	-1.111111111111111	-16.81758175690326	0.2851472121491092	0.3887621318288685
-1.111111111111111	-0.962962962962963	-18.89428918305806	1.105159154110549	0.5729877038381194
-1.111111111111111	-0.8148148148148149	-18.30406990853751	0.2268516546307282	0.4001062077956699
-1.111111111111111	-0.6666666666666667	-20.7461543127597	1.411345774933292	0.1928504056474094
-1.111111111111111	-0.5185185185185186	-20.35366704454771	0.1450987074851291	0.4425227556689698
-1.111111111111111	-0.3703703703703705	-21.32409763636069	0.1628378195324238	0.05155428144660789
-1.111111111111111	-0.2222222222222223	-21.34510127691567	0.8583772551417148	0.05084501119966832
-1.111111111111111	-0.07407407407407418	-22.40332012676597	0.9443484013251151	0.09444573671711355
-1.111111111111111	0.07407407407407396	-22.95015637045078	1.658346434063709	0.1063711378957508
-1.111111111111111	0.2222222222222223	-23.42396192742653	2.579383917084918	0.185696959840011
-1.111111111111111	0.3703703703703702	-24.57522293852494	2.977588638192842	0.1154740307893447
-1.111111111111111	0.5185185185185182	-23.58348901715112	5.697938043907879	0.2464295571264788
-1.111111111111111	0.6666666666666665	-27.55058719150904	3.667815572837316	0.3087352945885204
-1.111111111111111	0.8148148148148149	-16.04691053956149	17.35157792842578	0.2641067924388129
-1.111111111111111	0.9629629629629628	8.239810210092665	44.10265919595395	0.6497830714286079
-1.111111111111111	1.111111111111111	-67.18905151421805	28.52924326012797	0.2620204859220776
-1.111111111111111	1.259259259259259	-80.01582007905155	38.17066294384352	3.148943398133162
-1.111111111111111	1.407407407407407	-75.09220961958275	29.6107438137444	0.3464846762131908
-1.111111111111111	1.555555555555555	-66.63226751387865	16.99680408697601	0.2727346525443034
-1.111111111111111	1.703703703703703	-63.6496497127888	9.27755700420974	1.111468108674103
-1.111111111111111	1.851851851851852	-66.82583737061891	7.082274534148183	0.532894814130502
-1.111111111111111	2	-62.38693266767164	3.385322014374168	0.2504777491454488
-0.962962962962963	-2	-11.12234173937579	0.9563119711370209	0.04047027119635322
-0.962962962962963	-1.851851851851852	-11.68371253748208	0.7934541045236259	0.1293509802580978
-0.962962962962963	-1.703703703703704	-11.97246002255847	0.9299525047094672	0.0652154340154891
-0.962962962962963	-1.555555555555556	-12.40240282023532	0.9547198940635671	0.07747918458295595
-0.962962962962963	-1.407407407407407	-12.50867430595216	1.335731331363821	0.2665974643123209
-0.962962962962963	-1.259259259259259	-14.05241955694528	0.3153930077283835	0.06198122006863594
-0.962962962962963	-1.111111111111111	-15.37002415130558	0.4386069731680227	0.2132659366372431
-0.962962962962963	-0.962962962962963	-15.84658430291401	0.3066719332804198	0.1047446945819626
-0.962962962962963	-0.8148148148148149	-15.80089798843897	0.3978305851885224	0.2558831090972004
-0.962962962962963	-0.6666666666666667	-16.66583695745377	0.2483422043244694	0.1272730745136874
-0.962962962962963	-0.5185185185185186	-17.04461726437417	0.6490227290975454	0.02246182966803773
-0.962962962962963	-0.3703703703703705	-17.72817368888023	0.8175985538875707	0.03836320819951631
-0.962962962962963	-0.2222222222222223	-18.78184310304388	0.6989571252354914	0.1636824705880668
-0.962962962962963	-0.07407407407407418	-19.52876732161322	0.9820919613499193	0.05531329217407629
-0.962962962962963	0.07407407407407396	-20.11758484916906	1.532847965501166	0.08646939276333451
-0.962962962962963	0.2222222222222223	-21.69836810903588	1.218534509410848	0.09528494091611532
-0.962962962962963	0.3703703703703702	-22.5799051491337	1.751336767801355	0.1321864589291586
-0.962962962962963	0.5185185185185182	-22.86378649701121	3.055099074035201	0.2717481875762189
-0.962962962962963	0.6666666666666665	-26.52317548634556	1.187638528907527	0.3404580591717555
-0.962962962962963	0.8148148148148149	-20.06474765509396	9.680133641848268	0.07261028239043345
-0.962962962962963	0.9629629629629628	-33.96593380570912	1.898542202448652	0.1300176196264695
-0.962962962962963	1.111111111111111	-26.83118652408745	7.903673015698818	7.875681260365193
-0.962962962962963	1.259259259259259	-38.58560323763113	0.7698706300580014	1.545014491749634
-0.962962962962963	1.407407407407407	-55.22369781244764	13.83216666501398	0.5111417204389376
-0.962962962962963	1.555555555555555	-66.56189893462187	21.0056467075412	0.0727006874062472
-0.962962962962963	1.703703703703703	-72.8634053393265	22.45153618700948	0.8648591989607253
-0.962962962962963	1.851851851851852	-63.44056287843962	7.384149898191431	0.3301794009674367
-0.962962962962963	2	-52.89517565234612	9.665096399454569	0.6635861743598549
-0.8148148148148149	-2	-9.220786858350591	1.042555974420015	0.0719954530338404
-0.8148148148148149	-1.851851851851852	-9.858564044964046	0.7463698082074615	0.04656660326246344
-0.8148148148148149	-1.703703703703704	-10.42909860040222	0.5406593663983603	0.02393144815903503
-0.8148148148148149	-1.555555555555556	-10.49699301545696	0.8632430273003298	0.07104028651640518
-0.8148148148148149	-1.407407407407407	-11.19733453265887	0.5817976580349438	0.2801126751375247
-0.8148148148148149	-1.259259259259259	-11.79965085942285	0.429964898135017	0.0623737669523561
-0.8148148148148149	-1.111111111111111	-11.50332587838341	1.212011110511344	0.2966603404529602
-0.8148148148148149	-0.962962962962963	-12.45251172500109	0.7880081901861118	0.08817627222142338
-0.8148148148148149	-0.8148148148148149	-12.85960765010674	0.9504694417921709	0.1547436601431525
-0.8148148148148149	-0.6666666666666667	-13.41062841732925	1.019123832426523	0.06379794592237466
-0.8148148148148149	-0.5185185185185186	-13.98555519807714	1.120743633123645	0.04573824938919293
-0.8148148148148149	-0.3703703703703705	-14.9710354065854	0.8766695753414666	0.1368748638841165
-0.8148148148148149	-0.2222222222222223	-15.74460903462536	0.9188700482625798	0.05379451996430609
-0.8148148148148149	-0.07407407407407418	-16.35545422349437	1.209560463798592	0.05802968089951801
-0.8148148148148149	0.07407407407407396	-17.42054003543535	1.14552018223387	0.06514641137878016
-0.8148148148148149	0.2222222222222223	-18.33952647087008	1.343801075570951	0.0947809577961074
-0.8148148148148149	0.3703703703703702	-19.89390026824614	1.043385006028519	0.0583717154419225
-0.8148148148148149	0.5185185185185182	-21.50789910653317	0.8452985804562161	0.1164296642157267
-0.8148148148148149	0.6666666666666665	-21.59270203011267	2.369786944465503	0.1346295882490804
-0.8148148148148149	0.8148148148148149	-24.51827657984129	1.286255820105829	0.7391606289749821
-0.8148148148148149	0.9629629629629628	-18.42385388344725	9.505124825233633	0.2211974653962712
-0.8148148148148149	1.111111111111111	-5.157827576488272	25.24090013767777	0.2558566437406815
-0.8148148148148149	1.259259259259259	-51.48823739370222	18.19467412285557	0.6077433076449277
-0.8148148148148149	1.407407407407407	-80.72355474782599	44.00935177177973	1.791809373840177
-0.8148148148148149	1.555555555555555	-74.67040067397643	33.88457919671049	3.074784164608623
-0.8148148148148149	1.703703703703703	-62.02284848768964	16.36430531012607	0.5927960367838632
-0.8148148148148149	1.851851851851852	-52.56124277908193	1.06189649942737	0.1338940829337583
-0.8148148148148149	2	-44.01299472507581	14.45221336973589	0.2201132788120911
-0.6666666666666667	-2	-7.192665679387635	1.23430334209304	0.1429189177075745
-0.6666666666666667	-1.851851851851852	-7.441067911500676	1.268448510504289	0.1045009390071528
-0.6666666666666667	-1.703703703703704	-7.447567584076064	1.563938766662045	0.06476183184257918
-0.6666666666666667	-1.555555555555556	-8.381520544009263	0.9534779191289733	0.08319486301062248
-0.6666666666666667	-1.407407407407407	-9.309510176637222	0.3728408250109325	0.04873239327672137
-0.6666666666666667	-1.259259259259259	-9.007591301728869	1.048685014977565	0.104133834073536
-0.6666666666666667	-1.111111111111111	-9.768240665364516	0.6916684275646077	0.03441132133336367
-0.6666666666666667	-0.962962962962963	-9.420888294374734	1.47600246095076	0.1421164535991773
-0.6666666666666667	-0.8148148148148149	-10.2875244650315	1.083950175990482	0.03304912959989217
-0.6666666666666667	-0.6666666666666667	-10.52082355617241	1.367834483455564	0.07857654810998249
-0.6666666666666667	-0.5185185185185186	-11.0190520262685	1.435297271890065	0.05625370797578699
-0.6666666666666667	-0.3703703703703705	-11.90119849464187	1.174382604448009	0.02685023411627275
-0.6666666666666667	-0.2222222222222223	-12.61340381537257	1.14738129641867	0.02590991036589722
-0.6666666666666667	-0.07407407407407418	-13.32816673727453	1.191982281262495	0.1317316880104751
-0.6666666666666667	0.07407407407407396	-14.3796779250258	0.9864072877975847	0.09894104161310301
-0.6666666666666667	0.2222222222222223	-15.12563659693487	1.18821582932568	0.09442294911289024
-0.6666666666666667	0.3703703703703702	-16.65125162854455	0.7311372526833715	0.1485942954759925
-0.6666666666666667	0.5185185185185182	-17.36913179816826	1.226308984588371	0.1449316205957698
-0.6666666666666667	0.6666666666666665	-19.20004077399658	0.7830657479033931	0.3462168957431784
-0.6666666666666667	0.8148148148148149	-20.73467057572631	0.8492986660432713	0.1374710861112597
-0.6666666666666667	0.9629629629629628	-18.89287464901552	4.555187928942299	0.4670014433280583
-0.6666666666666667	1.111111111111111	-29.35542296213635	3.714417137831067	2.586563507528798
-0.6666666666666667	1.259259259259259	-19.80487959378033	8.444855901193939	8.273985819397742
-0.6666666666666667	1.407407407407407	-21.13165691164679	10.25861119254103	0.2889680556034914
-0.6666666666666667	1.555555555555555	-40.42517955236759	5.207586584174891	0.7604748760364035
-0.6666666666666667	1.703703703703703	-43.48764358031816	3.551260433348261	0.4762702145118589
-0.6666666666666667	1.851851851851852	-42.19667109208046	3.610258363021899	0.6988267327367682
-0.6666666666666667	2	-43.26113702348177	9.868965330674222	0.3837086198369123
-0.5185185185185186	-2	-5.846510867764624	0.7264841187087399	0.07532780980890172
-0.5185185185185186	-1.851851851851852	-5.927881601001563	0.8668168275153949	0.07648277036518672
-0.5185185185185186	-1.703703703703704	-5.457345877901399	1.574456161407569	0.2354365901036517
-0.5185185185185186	-1.555555555555556	-6.130151983555924	1.155807142924283	0.2876098275591344
-0.5185185185185186	-1.407407407407407	-6.513351122061725	1.045715858979486	0.2187287822539663
-0.5185185185185186	-1.259259259259259	-6.967121317871734	0.88619198410648	0.2839358752315781
-0.5185185185185186	-1.111111111111111	-7.089796817826939	1.081436742122807	0.04438382042064955
-0.5185185185185186	-0.962962962962963	-7.523558294930955	0.9922241094191113	0.027369678450268
-0.5185185185185186	-0.8148148148148149	-7.528458389058668	1.361964868305201	0.0502696853376132
-0.5185185185185186	-0.6666666666666667	-8.157204958140102	1.142036723923294	0.04426311979882833
-0.5185185185185186	-0.5185185185185186	-8.344003049474384	1.403087089633077	0.03967130562809341
-0.5185185185185186	-0.3703703703703705	-8.939334279737759	1.300440349302368	0.04415884451439677
-0.5185185185185186	-0.2222222222222223	-9.430404021136832	1.353893846425763	0.04629219299000419
-0.5185185185185186	-0.07407407407407418	-10.20505681968779	1.184122878366725	0.09564274000427039
-0.5185185185185186	0.07407407407407396	-10.94707323487755	1.117811175647873	0.1513888090155378
-0.5185185185185186	0.2222222222222223	-11.62357159948886	1.20082650274629	0.1554507889941251
-0.5185185185185186	0.3703703703703702	-12.6054645944265	1.078555157820997	0.11527430884898
-0.5185185185185186	0.5185185185185182	-13.24183395375741	1.422627534653689	0.1470227813542787
-0.5185185185185186	0.6666666666666665	-14.69055210441777	1.101851424439513	0.1202900864225385
-0.5185185185185186	0.8148148148148149	-14.82210619461441	2.280622774437962	0.09612464032657904
-0.5185185185185186	0.9629629629629628	-18.55961383226311	0.08217806143622752	0.1132958939398229
-0.5185185185185186	1.111111111111111	-14.40685652182102	6.065422997920887	0.08001431040636291
-0.5185185185185186	1.259259259259259	-2.462403804679945	20.21815580234497	0.2952000285629964
-0.5185185185185186	1.407407407407407	-27.00444597107604	1.616539679980118	8.800341818101231
-0.5185185185185186	1.555555555555555	-61.24991828663163	32.48226894778785	2.648502863612025
-0.5185185185185186	1.703703703703703	-48.48258862840409	15.41191080564244	3.005689467544227
-0.5185185185185186	1.851851851851852	-54.60708413399218	15.9472758799021	0.3003035130879947
-0.5185185185185186	2	-45.0391042631724	1.002522412837578	0.5283854003168704
-0.3703703703703705	-2	-4.450713741728169	0.254383235538068	0.1044833069723426
-0.3703703703703705	-1.851851851851852	-4.651549196081739	0.2129652416787797	0.09747466216540765
-0.3703703703703705	-1.703703703703704	-4.784586131176323	0.2504985482803388	0.03112356171649038
-0.3703703703703705	-1.555555555555556	-4.853589177880861	0.3644279456942252	0.03630631298184481
-0.3703703703703705	-1.407407407407407	-5.018802575882027	0.3958994950736399	0.07293763452625135
-0.3703703703703705	-1.259259259259259	-4.709873123330365	0.916872591810356	0.02383170080558122
-0.3703703703703705	-1.111111111111111	-5.015834030946969	0.840179554481983	0.09703887295211008
-0.3703703703703705	-0.962962962962963	-5.275280541931268	0.8294043349976166	0.03813438739852926
-0.3703703703703705	-0.8148148148148149	-5.567323243808898	0.8079977309996025	0.02739962011107702
-0.3703703703703705	-0.6666666666666667	-5.691955477294419	0.9789971969594493	0.03756535135238513
-0.3703703703703705	-0.5185185185185186	-5.851807186677488	1.143385110580504	0.03710555926021632
-0.3703703703703705	-0.3703703703703705	-6.37031384330766	0.9820655165847016	0.07045732195318943
-0.3703703703703705	-0.2222222222222223	-6.732308397997609	1.015463638110512	0.09155310998653818
-0.3703703703703705	-0.07407407407407418	-7.041779956690061	1.146022055214448	0.1103912605386932
-0.3703703703703705	0.07407407407407396	-7.58242755006051	1.097990875010783	0.05516182487615197
-0.3703703703703705	0.2222222222222223	-7.873573267473182	1.361985825692742	0.1175116471927196
-0.3703703703703705	0.3703703703703702	-8.460899304086485	1.404907638997878	0.08407475034607635
-0.3703703703703705	0.5185185185185182	-9.078639921375499	1.508681396861638	0.1091271953196707
-0.3703703703703705	0.6666666666666665	-9.474497683433292	1.946688591565987	0.075810806615785
-0.3703703703703705	0.8148148148148149	-10.97037799445155	1.425028839306913	0.1273211774126723
-0.3703703703703705	0.9629629629629628	-11.90325202428033	1.64468696372016	0.07761419567242239
-0.3703703703703705	1.111111111111111	-13.56427796776983	1.36713921036772	0.427876874858872
-0.3703703703703705	1.259259259259259	-20.30585403089363	3.685097117001572	2.414417157093791
-0.3703703703703705	1.407407407407407	-40.5180308098767	21.79224296460414	0.139963215384728
-0.3703703703703705	1.555555555555555	-32.91944336481032	11.50647388993856	0.7452365419524238
-0.3703703703703705	1.703703703703703	-31.93473445391717	6.990829190492619	2.623376717023685
-0.3703703703703705	1.851851851851852	-27.67077965861787	2.074101638324336	0.3081723702231347
-0.3703703703703705	2	-23.23992050124151	13.28893486574366	0.1065877535325745
-0.2222222222222223	-2	-2.793315170812198	0.03380940734907378	0.03321127354166602
-0.2222222222222223	-1.851851851851852	-2.963627435370397	0.04042450339221793	0.0887534016783541
-0.2222222222222223	-1.703703703703704	-3.282841013236182	0.2568059302107426	0.3498383810077366
-0.2222222222222223	-1.555555555555556	-2.640373069250551	0.4959852990820406	0.05320592708563981
-0.2222222222222223	-1.407407407407407	-3.586975425490865	0.3319540370950942	0.05442966552756387
-0.2222222222222223	-1.259259259259259	-3.236069388078096	0.1469364032525142	0.03742015448531202
-0.2222222222222223	-1.111111111111111	-3.513316149602992	0.008137227319243046	0.03160914394538539
-0.2222222222222223	-0.962962962962963	-3.408220863939011	0.2634792344316956	0.07849065355050595
-0.2222222222222223	-0.8148148148148149	-3.223568828633494	0.6117502684997991	0.02669992376325267
-0.2222222222222223	-0.6666666666666667	-3.591942152971309	0.4222335424397201	0.04297022243216365
-0.2222222222222223	-0.5185185185185186	-3.480509368947591	0.7299890343546069	0.04092550542836366
-0.2222222222222223	-0.3703703703703705	-3.481156288740848	0.9458153587385478	0.06443244313326728
-0.2222222222222223	-0.2222222222222223	-4.035521363319298	0.6313370081197025	0.04860097996586639
-0.2222222222222223	-0.07407407407407418	-4.101501640708659	0.8326626998514097	0.08089453675655553
-0.2222222222222223	0.07407407407407396	-3.99109698067065	1.242764666545783	0.06376456004954625
-0.2222222222222223	0.2222222222222223	-4.841837978897336	0.7303598250664658	0.08423537086854613
-0.2222222222222223	0.3703703703703702	-5.067602459716339	0.8895286549918699	0.04801403008826299
-0.2222222222222223	0.5185185185185182	-5.545029815686703	0.8539268116822152	0.04685362826887515
-0.2222222222222223	0.6666666666666665	-5.832743847796089	1.078483271228595	0.03458221200376201
-0.2222222222222223	0.8148148148148149	-6.578896221100306	0.9332478819524477	0.03692789387480391
-0.2222222222222223	0.9629629629629628	-7.272025672063964	0.9546967920442038	0.02300688185614114
-0.2222222222222223	1.111111111111111	-8.005138934658849	1.085137986163478	0.1345402816384907
-0.2222222222222223	1.259259259259259	-4.317842645805087	5.836423934395174	0.03684298482422949
-0.2222222222222223	1.407407407407407	19.85453438369479	31.35109740128057	0.1481951653962899
-0.2222222222222223	1.555555555555555	3.136442697661287	16.37696261284849	0.03686942351099605
-0.2222222222222223	1.703703703703703	-21.92168000980946	6.328869070543117	0.1048818900417735
-0.2222222222222223	1.851851851851852	-17.37827717396788	1.546367242083349	0.8967511642018066
-0.2222222222222223	2	-15.08766724975806	8.874821724820134	0.3266279005174026
-0.07407407407407418	-2	-0.8421889455075785	0.1008662869634237	0.03921102688092021
-0.07407407407407418	-1.851851851851852	-0.9115812125055625	0.06357193058699195	0.05319661372220186
-0.07407407407407418	-1.703703703703704	-1.195972251791491	0.1864594691751049	0.04207703933224134
-0.07407407407407418	-1.555555555555556	-1.170917015369842	0.124535108271689	0.3114033534763003
-0.07407407407407418	-1.407407407407407	-1.166254325782555	0.08020849977616229	0.03292231495608387
-0.07407407407407418	-1.259259259259259	-1.099478046494829	0.02935675016581429	0.09469757980842505
-0.07407407407407418	-1.111111111111111	-1.380160909534364	0.2050276722950015	0.07163781339148367
-0.07407407407407418	-0.962962962962963	-1.394363573274264	0.1689722709001573	0.01207173691808465
-0.07407407407407418	-0.8148148148148149	-1.262801594020335	0.01733796558458445	0.04533350898369548
-0.07407407407407418	-0.6666666666666667	-1.163362669650938	0.1766451112487655	0.03065333792353131
-0.07407407407407418	-0.5185185185185186	-1.304909937715766	0.1008393233305735	0.02780685439649627
-0.07407407407407418	-0.3703703703703705	-1.245848149632526	0.2324245070563411	0.03731995999502322
-0.07407407407407418	-0.2222222222222223	-1.234829523751204	0.323854682459618	0.02927246983180451
-0.07407407407407418	-0.07407407407407418	-1.142104285481802	0.5062402194143365	0.0573695269081211
-0.07407407407407418	0.07407407407407396	-1.379249378133738	0.3696966664204879	0.09294201192396566
-0.07407407407407418	0.2222222222222223	-1.587897789348119	0.2747231599585529	0.05976314269432197
-0.07407407407407418	0.3703703703703702	-1.967012717013503	0.02508085595293652	0.05816570896508157
-0.07407407407407418	0.5185185185185182	-2.123441658984961	0.01745970733814106	0.05016072621164119
-0.07407407407407418	0.6666666666666665	-2.171041140372873	0.1426813574513432	0.05903837695987586
-0.07407407407407418	0.8148148148148149	-1.91548504265436	0.6013906142851564	0.04052031755080886
-0.07407407407407418	0.9629629629629628	-2.010565643566161	0.7485420150541078	0.02166983197002195
-0.07407407407407418	1.111111111111111	-1.761227642042146	1.291654872750283	0.05600162589815882
-0.07407407407407418	1.259259259259259	-4.216214053736627	0.7996258619652874	0.5555993723543752
-0.07407407407407418	1.407407407407407	-42.15917567050712	38.28065116765941	0.09388661290290137
-0.07407407407407418	1.555555555555555	-61.48525551034045	57.00064950079583	0.06968575259502881
-0.07407407407407418	1.703703703703703	-19.58853852526969	14.27399285532493	1.73057354946164
-0.07407407407407418	1.851851851851852	-6.430363033391501	0.08943871826549188	0.6478281014179198
-0.07407407407407418	2	-4.235759428782545	4.191209592698142	0.05177422435753327
0.07407407407407396	-2	0.9184152357899439	0.02463999668107097	0.01839207879610832
0.07407407407407396	-1.851851851851852	0.9063701544073044	0.06878298868526289	0.1039880072595455
0.07407407407407396	-1.703703703703704	1.210960809801239	0.2014480271848524	0.09050072669540631
0.07407407407407396	-1.555555555555556	1.090404396710699	0.04402248961253341	0.1564781405314777
0.07407407407407396	-1.407407407407407	1.026555293255028	0.05949053275137706	0.107043479535127
0.07407407407407396	-1.259259259259259	1.14675628957366	0.01792149291301715	0.05229249393309138
0.07407407407407396	-1.111111111111111	1.266893054235262	0.09175981699589952	0.1263532442774696
0.07407407407407396	-0.962962962962963	1.30653742189816	0.08114611952404061	0.02110942457367609
0.07407407407407396	-0.8148148148148149	1.232046612824019	0.04809294678090015	0.01527104625594083
0.07407407407407396	-0.6666666666666667	1.1264493198531	0.2135584610466039	0.03290715956589423
0.07407407407407396	-0.5185185185185186	1.256499051880967	0.1492502091653729	0.0435623298905117
0.07407407407407396	-0.3703703703703705	1.288825024609383	0.189447632079484	0.05371876560509148
0.07407407407407396	-0.2222222222222223	1.225761143903424	0.3329230623073978	0.03966981312090975
0.07407407407407396	-0.07407407407407418	1.081847694818333	0.5664968100778058	0.02711288570696803
0.07407407407407396	0.07407407407407396	1.383775637898499	0.3651704066557271	0.07139899699760223
0.07407407407407396	0.2222222222222223	1.54548878751115	0.3171321617955345	0.02876881367356021
0.07407407407407396	0.3703703703703702	1.890665461589924	0.1014281113765154	0.03397871041558474
0.07407407407407396	0.5185185185185182	2.113943335520494	0.02695803080260806	0.0444508575324771
0.07407407407407396	0.6666666666666665	2.11462659925944	0.1990958985647762	0.04657081430290301
0.07407407407407396	0.8148148148148149	1.82251220373315	0.6943634532063663	0.03762006341962284
0.07407407407407396	0.9629629629629628	2.340330654229132	0.4187770043911367	0.0994774944685419
0.07407407407407396	1.111111111111111	1.703139231612809	1.34974328317962	0.2320902622941628
0.07407407407407396	1.259259259259259	3.154173396765045	0.2624147950062943	0.04204512532512924
0.07407407407407396	1.407407407407407	41.53471009271536	37.65618558986765	0.4351477961696454
0.07407407407407396	1.555555555555555	59.82328072755256	55.33867471800794	0.1830603669172834
0.07407407407407396	1.703703703703703	16.72057223399997	11.40602656405522	0.05542951846894481
0.07407407407407396	1.851851851851852	4.934756037804891	1.585045713852089	0.0687973670018124
0.07407407407407396	2	4.321667498595502	4.10530152288516	0.04024487232491966
0.2222222222222223	-2	2.571055425899385	0.2560691522618868	0.03000212664600511
0.2222222222222223	-1.851851851851852	2.836351952521955	0.08685097945622466	0.08081523248796514
0.2222222222222223	-1.703703703703704	3.110259598945071	0.08422451591963176	0.2065269588053886
0.2222222222222223	-1.555555555555556	2.722124131810308	0.4142342365222835	0.04851349721124379
0.2222222222222223	-1.407407407407407	3.293915224491598	0.03889383609582708	0.1922318311733876
0.2222222222222223	-1.259259259259259	3.300709815521252	0.08229597580937131	0.03850375361066263
0.2222222222222223	-1.111111111111111	3.390507816075394	0.130945560846853	0.02191166183940891
0.2222222222222223	-0.962962962962963	3.39534642207566	0.2763536762950465	0.05360622047835519
0.2222222222222223	-0.8148148148148149	3.185760972342311	0.6495581247909943	0.02401140183685246
0.2222222222222223	-0.6666666666666667	3.557316600560813	0.4568590948502163	0.04943285722641509
0.2222222222222223	-0.5185185185185186	3.473819378027082	0.7366790252751296	0.03723713844458764
0.2222222222222223	-0.3703703703703705	3.450052140417694	0.9769195070617025	0.05065442645669587
0.2222222222222223	-0.2222222222222223	4.026747718958147	0.6401106524808542	0.03864663737071839
0.2222222222222223	-0.07407407407407418	4.106733253596647	0.827431086963422	0.09017562964951757
0.2222222222222223	0.07407407407407396	3.955117396758518	1.278744250457915	0.05651422137952661
0.2222222222222223	0.2222222222222223	4.790311311639056	0.7818864923247455	0.03132498387072455
0.2222222222222223	0.3703703703703702	4.994658218333316	0.962472896374905	0.03276981390151861
0.2222222222222223	0.5185185185185182	5.435207541733126	0.9637490856357918	0.03406988051152882
0.2222222222222223	0.6666666666666665	5.720604957172595	1.190622161852088	0.01089940984118981
0.2222222222222223	0.8148148148148149	6.408616578812378	1.103527524240376	0.03038810507941599
0.2222222222222223	0.9629629629629628	7.174253357162391	1.052469106945789	0.02804709246177049
0.2222222222222223	1.111111111111111	8.352770474852463	0.7375064459698635	0.1130295131338457
0.2222222222222223	1.259259259259259	4.315277794194997	5.838988786005276	0.04133639489854111
0.2222222222222223	1.407407407407407	-19.44951133126406	30.94607434884986	0.1804028231613163
0.2222222222222223	1.555555555555555	-2.679425668650222	15.91994558383744	0.06042265500032307
0.2222222222222223	1.703703703703703	21.7354531583453	6.142642219078954	0.08653962061748893
0.2222222222222223	1.851851851851852	16.93372424079409	1.990920175257152	1.902394666371078
0.2222222222222223	2	14.07157705907961	9.890911915498593	0.1145102872302243
0.3703703703703702	-2	4.515659160146218	0.189437817120031	0.04448046911882143
0.3703703703703702	-1.851851851851852	4.52386970773839	0.3406447300221407	0.08889436839430584
0.3703703703703702	-1.703703703703704	4.621945086959188	0.4131395924974859	0.03634929415309088
0.3703703703703702	-1.555555555555556	4.887314651959913	0.3307024716151856	0.08075504542802649
0.3703703703703702	-1.407407407407407	5.004910241066653	0.4097918298890137	0.1118458441336523
0.3703703703703702	-1.259259259259259	4.670817205355566	0.955928509785168	0.03689579355009854
0.3703703703703702	-1.111111111111111	5.061377183043797	0.7946364023851551	0.07353842730047125
0.3703703703703702	-0.962962962962963	5.286946716127505	0.8177381608013796	0.057458126541454
0.3703703703703702	-0.8148148148148149	5.477647917272761	0.8976730575357399	0.02833414025521957
0.3703703703703702	-0.6666666666666667	5.706158148791748	0.9647945254621204	0.0198066082624607
0.3703703703703702	-0.5185185185185186	5.824474950668507	1.170717346589499	0.04522702689808288
0.3703703703703702	-0.3703703703703705	6.363549944434046	0.9888294154583157	0.03680760982661862
0.3703703703703702	-0.2222222222222223	6.793213563362309	0.9545584727458118	0.02670188311333884
0.3703703703703702	-0.07407407407407418	7.101353882991221	1.086448128913288	0.0692454061136929
0.3703703703703702	0.07407407407407396	7.643440846772558	1.036977578298735	0.03732654098496624
0.3703703703703702	0.2222222222222223	7.875184361983048	1.360374731182875	0.1042417852826543
0.3703703703703702	0.3703703703703702	8.478090926329561	1.387716016754803	0.1061790905747513
0.3703703703703702	0.5185185185185182	9.066023558629391	1.521297759607746	0.1132011403935551
0.3703703703703702	0.6666666666666665	9.455557032109194	1.965629242890085	0.07332210200403627
0.3703703703703702	0.8148148148148149	10.9486751497574	1.446731684001058	0.03923123706596554
0.3703703703703702	0.9629629629629628	11.76133913556092	1.786599852439576	0.04485889049710084
0.3703703703703702	1.111111111111111	13.012046184476	1.919370993661545	1.165474486191278
0.3703703703703702	1.259259259259259	22.3434215153559	5.722664601463848	3.303659619301397
0.3703703703703702	1.407407407407407	40.41299722747537	21.68720938220281	0.3164146571755677
0.3703703703703702	1.555555555555555	31.74607552425057	10.33310604937882	2.361220877557475
0.3703703703703702	1.703703703703703	36.03150271712978	11.08759745370523	1.447921041155132
0.3703703703703702	1.851851851851852	27.17077469356539	2.574106603376812	0.2204378074620438
0.3703703703703702	2	23.74132719149564	12.78752817548953	0.1079374829419995
0.5185185185185182	-2	5.991116273524952	0.5818787129484244	0.02720921597780954
0.5185185185185182	-1.851851851851852	5.963130039778468	0.8315683887384901	0.1282891776265001
0.5185185185185182	-1.703703703703704	5.500273213498945	1.531528825810023	0.1834859316873487
0.5185185185185182	-1.555555555555556	6.341265907788626	0.9446932186915813	0.20387864383942
0.5185185185185182	-1.407407407407407	6.349700516886375	1.209366464154837	0.1636044110321304
0.5185185185185182	-1.259259259259259	6.936894034077159	0.9164192679010554	0.3314320743379177
0.5185185185185182	-1.111111111111111	7.105863479864571	1.065370080085175	0.04792854348815519
0.5185185185185182	-0.962962962962963	7.470883751874427	1.044898652475639	0.0288158466931227
0.5185185185185182	-0.8148148148148149	7.477485962902525	1.412937294461344	0.09504655979025432
0.5185185185185182	-0.6666666666666667	8.209948121936948	1.089293560126448	0.06741435443113306
0.5185185185185182	-0.5185185185185186	8.365549389000979	1.381540750106483	0.05089529307331944
0.5185185185185182	-0.3703703703703705	8.928447398547297	1.311327230492816	0.01830730480257969
0.5185185185185182	-0.2222222222222223	9.446171128334404	1.338126739228191	0.0361335435725737
0.5185185185185182	-0.07407407407407418	10.25927590165613	1.12990379639839	0.09256026787194997
0.5185185185185182	0.07407407407407396	10.93896333719282	1.125921073332592	0.07179544309848079
0.5185185185185182	0.2222222222222223	11.68973410695475	1.134663995280391	0.1078057964808933
0.5185185185185182	0.3703703703703702	12.68116132194477	1.002858430302719	0.08636281223117628
0.5185185185185182	0.5185185185185182	13.33026778455077	1.334193703860327	0.1323766276155667
0.5185185185185182	0.6666666666666665	14.7572681175287	1.035135411328588	0.1134867997203485
0.5185185185185182	0.8148148148148149	14.89406085820584	2.20866811084653	0.1305177625169036
0.5185185185185182	0.9629629629629628	18.72581667162915	0.08402477792983021	0.1721335995683445
0.5185185185185182	1.111111111111111	13.42162725928243	7.050652260459476	0.3967992735337181
0.5185185185185182	1.259259259259259	2.260264170495576	20.42029543652933	0.172753734681706
0.5185185185185182	1.407407407407407	20.69747057669231	4.690435714403588	0.3913185287661635
0.5185185185185182	1.555555555555555	60.40176541814632	31.63411607930254	2.240516906020213
0.5185185185185182	1.703703703703703	47.19316338700882	14.12248556424718	2.476433887251856
0.5185185185185182	1.851851851851852	56.34952138779131	17.68971313370123	0.4146835214457549
0.5185185185185182	2	45.57556775176347	0.4660589242464752	0.2085562912979639
0.6666666666666665	-2	7.270890118866132	1.156078902614543	0.04679565248153589
0.6666666666666665	-1.851851851851852	7.472934304220237	1.236582117784728	0.1243665905663216
0.6666666666666665	-1.703703703703704	7.479448626128699	1.532057724609423	0.1330198563585957
0.6666666666666665	-1.555555555555556	8.493783200824412	0.841215262313824	0.1179454550458576
0.6666666666666665	-1.407407407407407	9.26831121929188	0.4140397823562747	0.0491709783549517
0.6666666666666665	-1.259259259259259	8.861809249608147	1.194467067098302	0.08297334056316255
0.6666666666666665	-1.111111111111111	9.676943322788897	0.7829657701402262	0.08800851953564993
0.6666666666666665	-0.962962962962963	9.406279052959789	1.490611702365717	0.08749437589189021
0.6666666666666665	-0.8148148148148149	10.26757371216323	1.103900928858772	0.05293066334137727
0.6666666666666665	-0.6666666666666667	10.5037425344434	1.38491550518458	0.09670048368955152
0.6666666666666665	-0.5185185185185186	11.00404755414556	1.450301744013002	0.04295350131627684
0.6666666666666665	-0.3703703703703705	11.92552027726451	1.150060821825372	0.04579875088327198
0.6666666666666665	-0.2222222222222223	12.6018281489065	1.158956962884741	0.03715135312877109
0.6666666666666665	-0.07407407407407418	13.4510350435301	1.069113975006925	0.05995211800540989
0.6666666666666665	0.07407407407407396	14.41719586616388	0.9488893466595041	0.08697225861336798
0.6666666666666665	0.2222222222222223	15.1521137351366	1.161738691123958	0.05141816605425225
0.6666666666666665	0.3703703703703702	16.71631325407761	0.6660756271503097	0.1109908170504086
0.6666666666666665	0.5185185185185182	17.47004990053309	1.125390882223538	0.1585532176755686
0.6666666666666665	0.6666666666666665	19.04836834399072	0.9347381779092565	0.1452689322757328
0.6666666666666665	0.8148148148148149	20.87216549298459	0.7118037487849946	0.2136189067748721
0.6666666666666665	0.9629629629629628	18.77822217476662	4.669840403191195	0.282987739501458
0.6666666666666665	1.111111111111111	27.95458423324605	2.313578408940764	0.1670191135295252
0.6666666666666665	1.259259259259259	22.30687111447049	5.942864380503778	2.770011157109983
0.6666666666666665	1.407407407407407	20.09920038940399	11.29106771478381	3.424892547260957
0.6666666666666665	1.555555555555555	40.18062278427328	4.963029816080564	0.3358056628415425
0.6666666666666665	1.703703703703703	43.16452728497075	3.228144138000843	0.5681344280710328
0.6666666666666665	1.851851851851852	42.98466062972074	2.822268825381613	0.5229706887910528
0.6666666666666665	2	44.96987532834645	8.16022702580954	0.3756815864988166
0.8148148148148149	-2	9.162010011222185	1.101332821548434	0.04334278742662735
0.8148148148148149	-1.851851851851852	9.745118071532712	0.8598157816388081	0.07139307746711158
0.8148148148148149	-1.703703703703704	10.37281501327087	0.5969429535297142	0.1203609951341207
0.8148148148148149	-1.555555555555556	10.4622408718302	0.8979951709270857	0.07021181867372059
0.8148148148148149	-1.407407407407407	10.67471414983123	1.104418040862594	0.1173545617679916
0.8148148148148149	-1.259259259259259	11.7686066032892	0.4610091542686821	0.08288635589889204
0.8148148148148149	-1.111111111111111	11.21523955276075	1.500097436134014	0.2213307887002349
0.8148148148148149	-0.962962962962963	12.38193613047812	0.8585837847090918	0.08207819081334529
0.8148148148148149	-0.8148148148148149	12.83414504203961	0.9759320498593222	0.03213423091052353
0.8148148148148149	-0.6666666666666667	13.43674568704021	0.9930065627155784	0.03635900661573762
0.8148148148148149	-0.5185185185185186	14.01900463731641	1.087294193884391	0.06937015886456097
0.8148148148148149	-0.3703703703703705	15.0536509673402	0.794054014586667	0.06582122056181004
0.8148148148148149	-0.2222222222222223	15.61068463696983	1.052794445918108	0.08163134160561381
0.8148148148148149	-0.07407407407407418	16.39068834514208	1.174326342150891	0.0178445905753255
0.8148148148148149	0.07407407407407396	17.40638144926605	1.159678768403175	0.06858263241611173
0.8148148148148149	0.2222222222222223	18.41807850311425	1.265249043326794	0.1084382587287889
0.8148148148148149	0.3703703703703702	19.95597392086864	0.9813113534060243	0.0559072589398413
0.8148148148148149	0.5185185185185182	21.45011318590265	0.9030845010867381	0.3001751888880722
0.8148148148148149	0.6666666666666665	21.57066033960785	2.391828634970338	0.1673708624312504
0.8148148148148149	0.8148148148148149	25.59525305615263	0.2092793437944955	1.278605587454314
0.8148148148148149	0.9629629629629628	18.81142234127096	9.11755636740995	0.4256697033682294
0.8148148148148149	1.111111111111111	4.658129621405623	25.74059809276045	0.06970338869278547
0.8148148148148149	1.259259259259259	50.99563471054047	17.7020714396938	1.789596239774795
0.8148148148148149	1.407407407407407	82.9103387775795	46.19613580153324	2.52512918404902
0.8148148148148149	1.555555555555555	76.29392400244694	35.50810252518098	0.6822672221433003
0.8148148148148149	1.703703703703703	60.90953553208588	15.25099235452227	1.187523452321875
0.8148148148148149	1.851851851851852	51.94997553560686	0.4506292559523004	0.830355437066188
0.8148148148148149	2	44.58698996825295	13.87821812655876	0.2535467575728876
0.9629629629629628	-2	11.13911318194836	0.9395405285644696	0.05286509561969302
0.9629629629629628	-1.851851851851852	11.63663361779923	0.8405330242064739	0.02399823364341172
0.9629629629629628	-1.703703703703704	11.77121244410382	1.131200083164126	0.02078470892749878
0.9629629629629628	-1.555555555555556	12.25125351769591	1.105869196602969	0.08781713738662454
0.9629629629629628	-1.407407407407407	12.35011960039348	1.49428603692251	0.08486389177112404
0.9629629629629628	-1.259259259259259	13.89484037708226	0.4729721875914006	0.02127729085116153
0.9629629629629628	-1.111111111111111	14.87347854846317	0.05793862967438024	0.116719874214255
0.9629629629629628	-0.962962962962963	15.37659811900299	0.1633142506306182	0.1169728144975393
0.9629629629629628	-0.8148148148148149	15.78209145435754	0.4166371192699501	0.2478998370600788
0.9629629629629628	-0.6666666666666667	16.70246255882443	0.2117166029538176	0.08167751759717522
0.9629629629629628	-0.5185185185185186	17.20908714703802	0.4845528464337008	0.08912853518578988
0.9629629629629628	-0.3703703703703705	17.89786171417455	0.647910528593254	0.09314634887003627
0.9629629629629628	-0.2222222222222223	18.92181288565894	0.5589873426204228	0.09667204282572787
0.9629629629629628	-0.07407407407407418	19.34609038114937	1.164768901813794	0.08540517294427939
0.9629629629629628	0.07407407407407396	20.1757204051804	1.474712409489822	0.0833369964183352
0.9629629629629628	0.2222222222222223	21.48243351116803	1.434469107278698	0.1841276602471519
0.9629629629629628	0.3703703703703702	22.65603997219027	1.675201944744792	0.1824815609346777
0.9629629629629628	0.5185185185185182	22.79814652969504	3.120739041351374	0.1383206363777901
0.9629629629629628	0.6666666666666665	26.43579930868128	1.275014706571817	0.6344309473695365
0.9629629629629628	0.8148148148148149	19.75236919726465	9.992512099677576	0.1662515410258625
0.9629629629629628	0.9629629629629628	33.77004458359741	1.702652980336914	0.1487287790459076
0.9629629629629628	1.111111111111111	28.46801145276201	6.266848087024254	6.949045493266469
0.9629629629629628	1.259259259259259	38.5726070665642	0.7568744589910779	1.239417746837782
0.9629629629629628	1.407407407407407	55.4902405116993	14.09870936426564	0.7335087217208522
0.9629629629629628	1.555555555555555	65.99586234995522	20.43961012287455	0.2273096413931842
0.9629629629629628	1.703703703703703	71.04166503073796	20.62979587842094	1.294974774356453
0.9629629629629628	1.851851851851852	61.71417026031239	5.657757280064203	0.3611434775858561
0.9629629629629628	2	56.08996319678241	6.470308855018274	2.471553382805717
1.111111111111111	-2	12.69917342357342	1.170513014931625	0.06314988272838461
1.111111111111111	-1.851851851851852	13.15282251064326	1.169897467560292	0.07759280698276068
1.111111111111111	-1.703703703703704	13.09302976181441	1.712635564441269	0.03750872163497618
1.111111111111111	-1.555555555555556	13.84770747542138	1.473802599443413	0.03934581292970463
1.111111111111111	-1.407407407407407	15.15159844687215	0.7220432279275482	0.186798236675335
1.111111111111111	-1.259259259259259	16.71711580323774	0.2512015081550167	0.08577984135744812
1.111111111111111	-1.111111111111111	16.08944565794567	1.013283311106704	0.5836973357274278
1.111111111111111	-0.962962962962963	18.75224748213802	0.9631174531905096	0.5313830298149913
1.111111111111111	-0.8148148148148149	18.14801506294157	0.3829065002266674	0.5468740565302695
1.111111111111111	-0.6666666666666667	20.95924301536899	1.624434477542579	0.3111421945068683
1.111111111111111	-0.5185185185185186	20.16144237612095	0.04712596094163146	0.3976314205915747
1.111111111111111	-0.3703703703703705	21.41760403510016	0.2563442182718916	0.0794589249846209
1.111111111111111	-0.2222222222222223	21.89684647570061	0.3066320563567793	0.3207061192198802
1.111111111111111	-0.07407407407407418	22.33390094315659	1.013767584934499	0.05673736666436614
1.111111111111111	0.07407407407407396	23.01950750243147	1.588995302083021	0.2021698772620018
1.111111111111111	0.2222222222222223	23.31536474670928	2.687981097802169	0.06855637406310874
1.111111111111111	0.3703703703703702	24.47291909842797	3.079892478289839	0.1125308640056012
1.111111111111111	0.5185185185185182	23.40356111644437	5.877865944614648	0.4046300152133716
1.111111111111111	0.6666666666666665	27.59028373041517	3.62811903393121	0.4115881435012707
1.111111111111111	0.8148148148148149	16.19253290182604	17.20595556616119	0.182584296007371
1.111111111111111	0.9629629629629628	-7.554589988936259	43.41743897479755	0.6573556380520325
1.111111111111111	1.111111111111111	67.16999014915123	28.51018189506115	0.677802261480062
1.111111111111111	1.259259259259259	79.27927017370769	37.43411303849968	2.857159151068756
1.111111111111111	1.407407407407407	75.50263313855467	30.02116733271632	1.014300426558711
1.111111111111111	1.555555555555555	66.40029666127317	16.76483323437053	0.3360135531347067
1.111111111111111	1.703703703703703	63.5951470986647	9.223054390085636	1.300162060642376
1.111111111111111	1.851851851851852	66.66849866344634	6.924935826975613	0.4069206939060403
1.111111111111111	2	62.6991498121109	3.073104869934916	0.2551573257646892
1.259259259259259	-2	13.81619936112763	1.817300984179395	0.1471988681551747
1.259259259259259	-1.851851851851852	14.66481953102208	1.473599040611967	0.04303630720072538
1.259259259259259	-1.703703703703704	15.07296216180625	1.60312290630509	0.07593033937567019
1.259259259259259	-1.555555555555556	16.27414371705384	0.9755442872457856	0.09425514875322433
1.259259259259259	-1.407407407407407	18.12511128668429	0.262283899553104	0.2951070169946524
1.259259259259259	-1.259259259259259	18.39773306458724	0.1218475719877823	0.1916156026380865
1.259259259259259	-1.111111111111111	18.16968676845448	1.054893551991789	0.3540218629659925
1.259259259259259	-0.962962962962963	21.14763121258162	1.164524690681638	0.4642527433585844
1.259259259259259	-0.8148148148148149	24.80709718829466	4.005900373916859	0.5188995543534551
1.259259259259259	-0.6666666666666667	24.43215353778658	2.74637614371531	1.050541783513528
1.259259259259259	-0.5185185185185186	23.00387681842276	0.3590572641583876	0.1594338354958112
1.259259259259259	-0.3703703703703705	27.1065520174212	3.419025680700404	0.9130343366293091
1.259259259259259	-0.2222222222222223	24.63661889522516	0.187935873958196	0.3746304572585545
1.259259259259259	-0.07407407407407418	27.41990617572878	1.351626765575475	3.31211691646442
1.259259259259259	0.07407407407407396	26.44512947700631	0.9879731498172255	0.5611206119813046
1.259259259259259	0.2222222222222223	23.15452091934208	5.781294587986284	0.1130668677739837
1.259259259259259	0.3703703703703702	26.53273537780499	4.063274089257686	0.6730105370509075
1.259259259259259	0.5185185185185182	17.8032868411231	14.63324376035853	0.6516435089175213
1.259259259259259	0.6666666666666665	3.002413516701115	31.48154009875411	0.4461461917276045
1.259259259259259	0.8148148148148149	56.27648837486953	19.50746347605985	0.1618120693085596
1.259259259259259	0.9629629629629628	70.33125962289569	31.004281762821	0.495855886046099
1.259259259259259	1.111111111111111	60.80928072303281	18.61173224289961	0.6355196663314573
1.259259259259259	1.259259259259259	73.94791103019325	28.52350561083179	1.004394382648931
1.259259259259259	1.407407407407407	79.19829955766613	30.14474532583473	1.509872224939241
1.259259259259259	1.555555555555555	75.20823403824792	22.07813168409194	0.9108523091336551
1.259259259259259	1.703703703703703	69.94804443415282	12.25537888903496	0.6864464854731644
1.259259259259259	1.851851851851852	63.33285718293558	0.5680038822381164	1.470967223219932
1.259259259259259	2	61.66334237788094	6.680668583696573	0.3202479300415785
1.407407407407407	-2	15.52898999877626	1.838459140405552	0.08393169890927848
1.407407407407407	-1.851851851851852	16.34917618380833	1.572251874225667	0.07687226701573904
1.407407407407407	-1.703703703703704	17.69027841278021	0.8203583179160354	0.1262542771742706
1.407407407407407	-1.555555555555556	18.73179087479048	0.4066178454942033	0.2882776959563298
1.407407407407407	-1.407407407407407	19.7434285608636	0.06506279265029846	0.2602999531320002
1.407407407407407	-1.259259259259259	19.10838046886599	1.416727507766709	0.04558915382375289
1.407407407407407	-1.111111111111111	20.39089957545004	0.9021312426620902	0.1550370477286821
1.407407407407407	-0.962962962962963	22.41077414728245	0.2931078202949493	0.3483870788424586
1.407407407407407	-0.8148148148148149	23.81405276300496	0.8088976370278829	0.3672069039829823
1.407407407407407	-0.6666666666666667	17.51827380093194	6.444215173646246	1.169057097716281
1.407407407407407	-0.5185185185185186	27.57165020319281	2.574002871333324	0.5274197029869193
1.407407407407407	-0.3703703703703705	25.69347879241191	0.4262773645809368	1.907726724340793
1.407407407407407	-0.2222222222222223	26.47485682895146	0.8644145130546015	0.110112766390944
1.407407407407407	-0.07407407407407418	26.9288135194153	1.739374872116432	4.679462440739816
1.407407407407407	0.07407407407407396	29.43276165053877	0.6875165974580533	0.1709498969239126
1.407407407407407	0.2222222222222223	19.88688788818703	11.82445797705095	0.1184485671026748
1.407407407407407	0.3703703703703702	2.976500395820916	30.48300185756975	0.339413197784966
1.407407407407407	0.5185185185185182	48.83229546672551	13.44686473762647	0.09555029981171526
1.407407407407407	0.6666666666666665	59.88436459419164	22.37175279133529	0.1564546610812274
1.407407407407407	0.8148148148148149	54.55823451792706	14.69078895780002	2.108871122981765
1.407407407407407	0.9629629629629628	73.80640534480941	31.32723325251957	0.9342135955712045
1.407407407407407	1.111111111111111	77.14864713356685	31.76921043214787	0.4164630842812068
1.407407407407407	1.259259259259259	74.27654322192632	25.67526510470289	0.7697513319544566
1.407407407407407	1.407407407407407	77.49901149469352	25.32176564383849	0.5763036526160863
1.407407407407407	1.555555555555555	80.24257906099679	24.10626962981507	0.5460078725740313
1.407407407407407	1.703703703703703	75.52685903190739	15.02758365540655	0.9529977654001409
1.407407407407407	1.851851851851852	70.51100563013748	5.238320016827615	0.4316777140182708
1.407407407407407	2	64.47412144778251	5.96762701522006	1.40546476217587
1.555555555555555	-2	17.7781997325011	1.290993804847034	0.0640740400367195
1.555555555555555	-1.851851851851852	19.54281501428212	0.1264526497349365	0.1209589333605873
1.555555555555555	-1.703703703703704	20.14104678448552	0.1656470037252404	0.2363114233650125
1.555555555555555	-1.555555555555556	20.91200589569214	0.07289194019005052	0.2125328098391598
1.555555555555555	-1.407407407407407	20.84960283489155	0.8581096303022022	0.09574313704406269
1.555555555555555	-1.259259259259259	21.54219426384935	0.9372401332537699	0.06094191928316214
1.555555555555555	-1.111111111111111	24.83131477593042	1.526424236727308	0.2103821308840148
1.555555555555555	-0.962962962962963	25.14586204979127	0.9563478957670597	0.3897770729880496
1.555555555555555	-0.8148148148148149	25.89538758510955	0.7559551992541422	0.1215934370236387
1.555555555555555	-0.6666666666666667	28.43755667697853	2.275990234959274	0.3059762327893146
1.555555555555555	-0.5185185185185186	29.6550065722729	2.39126101221143	0.5392427438602935
1.555555555555555	-0.3703703703703705	34.97012584868645	6.515290370896611	1.166348925571581
1.555555555555555	-0.2222222222222223	34.21055591186116	4.465674614918935	0.2387241712554052
1.555555555555555	-0.07407407407407418	35.0330151856093	3.887752039442617	0.4381103016392541
1.555555555555555	0.07407407407407396	34.82226741214874	2.153406878136813	1.810227922994064
1.555555555555555	0.2222222222222223	46.70972379859298	12.37950660308965	0.2447675038072777
1.555555555555555	0.3703703703703702	50.15240282611495	14.00671101443681	0.1541581689533008
1.555555555555555	0.5185185185185182	52.65408896955235	14.52051877205007	0.4021683055025598
1.555555555555555	0.6666666666666665	63.33098444143278	23.01688428093549	0.146535593054708
1.555555555555555	0.8148148148148149	62.68828684268642	19.97889688532494	0.3583557245133086
1.555555555555555	0.9629629629629628	70.21590604351324	24.87282164398972	0.4312582997939534
1.555555555555555	1.111111111111111	77.31328881388319	29.07358851778107	0.874019792966363
1.555555555555555	1.259259259259259	78.74832784081873	27.32485740426217	0.6211682111846227
1.555555555555555	1.407407407407407	76.84966370340786	21.9331375825006	0.6432585275161663
1.555555555555555	1.555555555555555	76.85116353741932	18.11489523179676	0.486175474250419
1.555555555555555	1.703703703703703	79.43844579177879	16.54656866258056	0.4967752843296544
1.555555555555555	1.851851851851852	75.34278111334977	7.962646061390217	0.3455075595855387
1.555555555555555	2	70.14846529288647	2.03264579259077	1.204537338778864
1.703703703703703	-2	21.1666742838825	0.4299672951990807	0.1276818072468503
1.703703703703703	-1.851851851851852	21.91984505505916	0.5400304579409827	0.2267581789108107
1.703703703703703	-1.703703703703704	22.13987700639992	0.07783650721840019	0.132594035106415
1.703703703703703	-1.555555555555556	22.25356421991792	0.5332892499984787	0.08212640241548635
1.703703703703703	-1.407407407407407	22.81110897635431	0.7470053836958499	0.09639529993286687
1.703703703703703	-1.259259259259259	26.12538803023872	1.745260679244971	0.1572419169719752
1.703703703703703	-1.111111111111111	27.26949043298901	2.011792350691071	0.2399926222926097
1.703703703703703	-0.962962962962963	27.52341485142741	1.327215528389633	0.3935109864734777
1.703703703703703	-0.8148148148148149	29.03208604306675	1.830441290025263	0.1157985081112351
1.703703703703703	-0.6666666666666667	32.63119772726092	4.350426536486346	0.3597111677671311
1.703703703703703	-0.5185185185185186	33.69260040057271	4.251471218854043	0.1296533930164939
1.703703703703703	-0.3703703703703705	37.08314634705113	6.391965206357277	0.1238323484170248
1.703703703703703	-0.2222222222222223	39.90809580185586	7.867690728016008	0.2588347229545112
1.703703703703703	-0.07407407407407418	42.98721800732228	9.487817928974742	0.1832722666605242
1.703703703703703	0.07407407407407396	45.18237271882576	10.10238568122781	0.2379084531360957
1.703703703703703	0.2222222222222223	49.00246594455922	12.2071721361279	0.06601759079823273
1.703703703703703	0.3703703703703702	55.93919238849344	17.27938413440336	0.09814050580993418
1.703703703703703	0.5185185185185182	57.1220045005684	16.43263032538894	0.1776392961300177
1.703703703703703	0.6666666666666665	64.71295238289616	21.8118583160997	0.1648667519060256
1.703703703703703	0.8148148148148149	68.09975667186458	22.78666809684393	0.2916817845588896
1.703703703703703	0.9629629629629628	71.28123715900453	23.33719080901692	0.2991170550477097
1.703703703703703	1.111111111111111	77.01612377869704	26.20364139558433	0.8346929844817266
1.703703703703703	1.259259259259259	80.1935896412286	26.25797579864685	0.3021290576080511
1.703703703703703	1.407407407407407	79.89825431311381	22.57048360179689	0.5591444214846496
1.703703703703703	1.555555555555555	78.30327291637026	17.30497234025838	0.6715802001248971
1.703703703703703	1.703703703703703	75.54455768833735	10.59553550478023	0.3217926459688984
1.703703703703703	1.851851851851852	76.47867343991206	7.307229230118892	0.1247923660801589
1.703703703703703	2	72.14951306846316	1.494669830519598	0.4846319376919808
1.851851851851852	-2	23.48291136293592	1.114636335545736	0.2058445459487853
1.851851851851852	-1.851851851851852	23.45386796888068	0.4025670524076652	0.1426753500589064
1.851851851851852	-1.703703703703704	23.83111654471656	0.05625122863135346	0.1124184662317675
1.851851851851852	-1.555555555555556	24.33839819530304	0.2040366866784211	0.154587312112911
1.851851851851852	-1.407407407407407	27.05499967486999	1.697152154450986	0.1273869323033529
1.851851851851852	-1.259259259259259	29.49478220899814	3.269425349232773	0.2520798309367792
1.851851851851852	-1.111111111111111	29.18128939062399	2.031607692840833	0.2932544110457337
1.851851851851852	-0.962962962962963	30.02950231102482	1.893441720802976	0.1944407700748057
1.851851851851852	-0.8148148148148149	33.2367629115425	4.046451393303428	0.1482921320741865
1.851851851851852	-0.6666666666666667	36.09239941276623	5.773503212008894	0.3454243004135321
1.851851851851852	-0.5185185185185186	36.77854946675731	5.249561429003908	0.3444145246858552
1.851851851851852	-0.3703703703703705	40.25563271274432	7.427090921331775	0.1897219937580676
1.851851851851852	-0.2222222222222223	44.18280919609968	9.956447383875869	0.3355394196262071
1.851851851851852	-0.07407407407407418	46.09842864480009	10.36626490762121	0.3736148357562086
1.851851851851852	0.07407407407407396	49.27207800864276	11.91545608012233	0.2053439482210123
1.851851851851852	0.2222222222222223	51.70332582667989	12.59193457272554	0.0899611683828698
1.851851851851852	0.3703703703703702	58.47498714391365	17.46590024234342	0.1059933947440403
1.851851851851852	0.5185185185185182	59.76827410400033	16.70507449022136	0.1597868657872055
1.851851851851852	0.6666666666666665	64.35635536429695	19.06843929773986	0.3180357066080889
1.851851851851852	0.8148148148148149	69.99103815358146	22.29323252026516	0.307078334255978
1.851851851851852	0.9629629629629628	73.69579212333943	23.38846527400825	0.3405462175219682
1.851851851851852	1.111111111111111	76.35651082895328	23.22640847479729	0.4298084572554647
1.851851851851852	1.259259259259259	79.92221805387153	23.74430327136547	0.8216655855286238
1.851851851851852	1.407407407407407	81.25535249627964	21.79595734596113	0.5216844196050467
1.851851851851852	1.555555555555555	80.25485345840526	17.2764350495823	0.3162465337099029
1.851851851851852	1.703703703703703	78.04538700724349	11.31309181730045	0.3251557685232009
1.851851851851852	1.851851851851852	73.95669353996284	3.246739759151581	0.2305105094903494
1.851851851851852	2	74.71275609238555	0.1776687852739798	0.04625749660905255
2	-2	24.72060657341255	0.7581175988343603	0.1276798512171523
2	-1.851851851851852	25.04403640434581	0.3617325560730649	0.1404089786110156
2	-1.703703703703704	25.48725518766562	0.04350847615436848	0.1394436356814827
2	-1.555555555555556	27.72670147571147	1.476459106022588	0.1534482695074167
2	-1.407407407407407	30.62495041777387	3.519389053565217	0.2219925600569962
2	-1.259259259259259	31.45269750010398	3.438840146768221	0.1507886972244943
2	-1.111111111111111	31.60495202633001	2.625244328401237	0.2449808400531534
2	-0.962962962962963	32.91390749891966	2.905750492571649	0.2176336708412991
2	-0.8148148148148149	37.06115093971106	5.956387851839406	0.1977567941203125
2	-0.6666666666666667	38.749432860063	6.47378854548537	0.4684613825747621
2	-0.5185185185185186	39.75400273441792	6.226475990879379	0.3837947604958885
2	-0.3703703703703705	43.68736375920397	8.819575325008714	0.1509716564818019
2	-0.2222222222222223	46.92123408807727	10.61673696550203	0.3373481995889508
2	-0.07407407407407418	48.95555101165735	11.10911533005177	0.410096029776401
2	0.07407407407407396	52.34538884629679	12.84228135203234	0.1599131822474133
2	0.2222222222222223	54.61791143467174	13.33320054010051	0.2897340045188699
2	0.3703703703703702	60.45330379812511	17.25123565502563	0.08091426078320095
2	0.5185185185185182	61.40824500277656	16.14175492671815	0.240099311855284
2	0.6666666666666665	65.93758386373504	18.44803094173589	0.3084964385701769
2	0.8148148148148149	71.48487437121764	21.60211480738458	0.351146212774261
2	0.9629629629629628	75.59293479255791	23.13587965232259	0.6125196051101642
2	1.111111111111111	77.01943554698774	21.7972669133516	0.1994882233230201
2	1.259259259259259	78.57786873440129	20.39210743221359	0.554867380977914
2	1.407407407407407	81.95364541765511	20.60126187446397	0.6232344442497277
2	1.555555555555555	81.97489253237185	17.25261476792481	0.1732583701977398
2	1.703703703703703	79.65067032956955	11.3605530894408	0.4114051349145582
2	1.851851851851852	76.27724117989389	4.23340633252063	0.4906665972355856
2	2	72.60922655585989	3.354529976213627	0.2498954403713368
