# Data file generated by gp_save.m
# x/m y/m phi/deg phi_error/deg phi_std/deg
-2	-2	-18.84660030102677	5.1158886735514	0.1246397185539602
-2	-1.851851851851852	-19.85271041275963	4.829593435513114	0.05749522421731972
-2	-1.703703703703704	-21.42188960036492	4.021857111146328	0.1792603576899576
-2	-1.555555555555556	-22.95873603339296	3.291506336295924	0.1952226508866924
-2	-1.407407407407407	-23.03153156145178	4.074029802756872	0.2118582650257268
-2	-1.259259259259259	-23.8252139578651	4.18864339547066	0.133475113408532
-2	-1.111111111111111	-25.86315068989544	3.116557008033332	0.2051433905434397
-2	-0.962962962962963	-28.31457600680238	1.693580999545631	0.3188044878579322
-2	-0.8148148148148149	-29.73273790308375	1.372025184787905	0.1641477116794345
-2	-0.6666666666666667	-30.8215391438622	1.454105170715422	0.2931982392458337
-2	-0.5185185185185186	-34.04877176665359	0.5212450231150783	0.2339929364723252
-2	-0.3703703703703705	-36.2669768936164	1.399188459421147	0.2138655372765003
-2	-0.2222222222222223	-37.5603801422093	1.255883019634084	0.1304171242379343
-2	-0.07407407407407418	-42.00789056002485	4.161454878419278	0.09705537289171967
-2	0.07407407407407396	-44.73302880913236	5.229921314867916	0.1295524800880435
-2	0.2222222222222223	-49.47175157834813	8.1870406837769	0.1714069252902185
-2	0.3703703703703702	-54.76430069358597	11.56223255048651	0.1346521293236805
-2	0.5185185185185182	-59.32877608665893	14.06228601060052	0.1389908233864304
-2	0.6666666666666665	-65.97253946965884	18.48298654765969	0.3383972161075257
-2	0.8148148148148149	-74.32667674312286	24.4439171792898	1.049795652939727
-2	0.9629629629629628	-75.92952624826903	23.47247110803371	0.1793277383738181
-2	1.111111111111111	-79.76597759349434	24.54380895985824	0.3443881234333713
-2	1.259259259259259	-80.46239818486704	22.27663688267933	0.3218559878164303
-2	1.407407407407407	-81.58920229934742	20.2368187561563	0.5614257983448848
-2	1.555555555555555	-79.29387651047686	14.57159874602982	0.4838637060975974
-2	1.703703703703703	-72.78564521802831	4.495527977899556	0.4622169699466818
-2	1.851851851851852	-66.24782941968297	5.796005427690289	0.3933764486150959
-2	2	-60.97680191097993	14.98695462109359	0.3963953557137619
-1.851851851851852	-2	-17.12865658684307	5.239618440547108	0.07014390786867324
-1.851851851851852	-1.851851851851852	-17.12958119540473	5.921719721068285	0.08696344915293623
-1.851851851851852	-1.703703703703704	-18.32363730236411	5.451228013721096	0.05567732694564206
-1.851851851851852	-1.555555555555556	-19.77588225374354	4.766552628237921	0.1902763040716359
-1.851851851851852	-1.407407407407407	-20.7642217445497	4.593625775869306	0.2242626313283869
-1.851851851851852	-1.259259259259259	-20.676935381461	5.548421478304363	0.2111988115681221
-1.851851851851852	-1.111111111111111	-21.88863504206815	5.261046655715013	0.1332683336308901
-1.851851851851852	-0.962962962962963	-24.0129976189541	4.123062971267718	0.2615093464668883
-1.851851851851852	-0.8148148148148149	-26.62440836956086	2.565903148678206	0.3255790288690898
-1.851851851851852	-0.6666666666666667	-26.97282507178762	3.346071128969715	0.2508166488758109
-1.851851851851852	-0.5185185185185186	-29.54657347518794	1.982414562565484	0.2953121633618835
-1.851851851851852	-0.3703703703703705	-32.47019649424487	0.3583452971676735	1.292062571598856
-1.851851851851852	-0.2222222222222223	-33.66401147964604	0.562350332577779	0.1104687147598915
-1.851851851851852	-0.07407407407407418	-38.05047172791267	2.318307990733786	0.08221576834099287
-1.851851851851852	0.07407407407407396	-40.4708656975211	3.114243769000687	0.1677818614106422
-1.851851851851852	0.2222222222222223	-44.96535037928885	5.853959125334498	0.1470114242972977
-1.851851851851852	0.3703703703703702	-50.34318776649285	9.334100864922654	0.154231068307643
-1.851851851851852	0.5185185185185182	-55.83230604265552	12.76910642887659	0.1909856856207717
-1.851851851851852	0.6666666666666665	-63.56252055980183	18.27460449324474	0.3699539994726654
-1.851851851851852	0.8148148148148149	-71.21435573203557	23.51655009871927	0.3226813381943002
-1.851851851851852	0.9629629629629628	-73.64678693353385	23.33946008420266	0.1474118269865247
-1.851851851851852	1.111111111111111	-78.92025117869306	25.79014882453708	0.3498091084127267
-1.851851851851852	1.259259259259259	-81.00814250629578	24.83022772378975	0.3692532278551155
-1.851851851851852	1.407407407407407	-81.67619611657349	22.21680096625499	0.5507618795469909
-1.851851851851852	1.555555555555555	-75.53478116664024	12.55636275781728	0.3687353187485487
-1.851851851851852	1.703703703703703	-69.51669542346153	2.784400233518483	0.4016837813029311
-1.851851851851852	1.851851851851852	-62.49171082054354	8.218242960267723	0.2790615469957149
-1.851851851851852	2	-57.03152544890391	17.85889942875562	0.3564332109593458
-1.703703703703704	-2	-13.93752155282992	6.799185435853502	0.1001919309697571
-1.703703703703704	-1.851851851851852	-15.14598588753535	6.233828709582824	0.05350425714656031
-1.703703703703704	-1.703703703703704	-15.28752800564026	6.774512493541263	0.0312411775147866
-1.703703703703704	-1.555555555555556	-16.19643124899499	6.590422220921411	0.0890286173911
-1.703703703703704	-1.407407407407407	-17.786977621707	5.771136738343166	0.201602394754748
-1.703703703703704	-1.259259259259259	-18.34226064874873	6.037866702245015	0.235043214655025
-1.703703703703704	-1.111111111111111	-18.11035936374062	7.147338718557315	0.1590100077242895
-1.703703703703704	-0.962962962962963	-20.09172741100864	6.104471912029137	0.1521178021059884
-1.703703703703704	-0.8148148148148149	-22.60158987027899	4.6000548827625	0.388789525170336
-1.703703703703704	-0.6666666666666667	-23.1449754877765	5.13579570299807	0.554644660029261
-1.703703703703704	-0.5185185185185186	-25.15381405345877	4.287315128259891	0.07578109924047317
-1.703703703703704	-0.3703703703703705	-29.67440766042538	1.016773480268476	0.2020443407831164
-1.703703703703704	-0.2222222222222223	-28.56093754990302	3.47946752393683	0.1683896287182715
-1.703703703703704	-0.07407407407407418	-32.85083089041662	0.6485691879309172	0.4250639570279335
-1.703703703703704	0.07407407407407396	-36.27383343566618	1.193846398068231	0.1962525036785914
-1.703703703703704	0.2222222222222223	-38.80994699396587	2.014653185534549	0.2725926681071502
-1.703703703703704	0.3703703703703702	-45.14125265211255	6.481444398022468	0.1323818166004297
-1.703703703703704	0.5185185185185182	-51.43524579621301	10.74587162103355	0.1387662466620054
-1.703703703703704	0.6666666666666665	-61.63825638736678	18.73716232057032	0.5020135563211505
-1.703703703703704	0.8148148148148149	-66.20967510311991	20.89658652809926	0.2493514482504884
-1.703703703703704	0.9629629629629628	-73.65931801883592	25.71527166884831	0.3410678474585935
-1.703703703703704	1.111111111111111	-79.44902803441082	28.63654565129811	0.774580077983596
-1.703703703703704	1.259259259259259	-81.8672369021389	27.93162305955715	0.3755471889565934
-1.703703703703704	1.407407407407407	-79.77945206940302	22.45168135808613	0.4953588992751858
-1.703703703703704	1.555555555555555	-74.14985555667451	13.15155498056263	0.2649903180982916
-1.703703703703704	1.703703703703703	-65.02892984388826	0.07990766033114483	0.3764568308224716
-1.703703703703704	1.851851851851852	-58.47357414497986	10.6978700648133	0.4226176629853495
-1.703703703703704	2	-52.9112786898137	20.73290420916906	0.2787550598852395
-1.555555555555556	-2	-10.50290790321076	8.566285634137365	0.07921224819468166
-1.555555555555556	-1.851851851851852	-11.60153598322652	8.067731680790541	0.160533479038536
-1.555555555555556	-1.703703703703704	-13.28192240531343	7.024771382897326	0.08829991735162919
-1.555555555555556	-1.555555555555556	-13.60446343903248	7.38043439684971	0.06307720570240244
-1.555555555555556	-1.407407407407407	-13.91250558623265	7.795206878961102	0.219696101141061
-1.555555555555556	-1.259259259259259	-15.33654254524907	7.142891851854035	0.2166843363247625
-1.555555555555556	-1.111111111111111	-15.68875548772283	7.616135051480285	0.276625307095091
-1.555555555555556	-0.962962962962963	-16.50431904647871	7.685195107545482	0.09295613850278166
-1.555555555555556	-0.8148148148148149	-18.7647499502182	6.374682435637183	0.06785837022097678
-1.555555555555556	-0.6666666666666667	-19.61538142856612	6.546185013453112	1.759442380202422
-1.555555555555556	-0.5185185185185186	-20.60966024459067	6.654085315470773	0.119097873252524
-1.555555555555556	-0.3703703703703705	-26.88075617084639	1.574079306943446	0.2525954050874054
-1.555555555555556	-0.2222222222222223	-23.07583133169074	6.66904996525146	0.3721014888590124
-1.555555555555556	-0.07407407407407418	-26.66686566854819	4.478397477618493	0.1123259703893482
-1.555555555555556	0.07407407407407396	-28.23283980731794	4.436020726694007	0.5117772917733792
-1.555555555555556	0.2222222222222223	-32.15477007691224	2.175447118591087	0.6196748157803001
-1.555555555555556	0.3703703703703702	-38.90942937593521	2.76373756425707	0.08742781870588004
-1.555555555555556	0.5185185185185182	-45.28474637720841	7.151176179706127	0.20541670589242
-1.555555555555556	0.6666666666666665	-59.1031986329366	18.78909847243931	0.4860260934769268
-1.555555555555556	0.8148148148148149	-61.69439972698471	18.98500976962323	0.402759366298067
-1.555555555555556	0.9629629629629628	-72.3846361783324	27.04155177880887	0.2810395123422657
-1.555555555555556	1.111111111111111	-78.68155051596902	30.4418502198669	0.6920290015069416
-1.555555555555556	1.259259259259259	-81.31410542710329	29.89063499054672	0.1205070288410287
-1.555555555555556	1.407407407407407	-77.67961169592567	22.76308557501842	0.4920985491478472
-1.555555555555556	1.555555555555555	-68.78784751817693	10.05157921255437	0.539836248521093
-1.555555555555556	1.703703703703703	-60.50611460890489	2.385762520293319	0.4180163130882429
-1.555555555555556	1.851851851851852	-53.20210125369827	14.17803379826128	0.3274888868210178
-1.555555555555556	2	-47.82014305168542	24.36096803379179	0.3869066529115738
-1.407407407407407	-2	-8.662560708995423	8.704888430186378	0.1388455197509529
-1.407407407407407	-1.851851851851852	-8.24255707044237	9.678870987591612	0.08784985347682961
-1.407407407407407	-1.703703703703704	-9.186636110380073	9.324000620316161	0.08359181705033451
-1.407407407407407	-1.555555555555556	-11.04182736881922	8.096581351465449	0.1785121451259438
-1.407407407407407	-1.407407407407407	-11.4067509448286	8.401740408685296	0.1703864224411283
-1.407407407407407	-1.259259259259259	-11.15098852586789	9.374119450764804	0.1908943610806039
-1.407407407407407	-1.111111111111111	-12.5191971857513	8.773833632360828	0.232689737902015
-1.407407407407407	-0.962962962962963	-13.10632676193683	9.011339565050672	0.09161370633224789
-1.407407407407407	-0.8148148148148149	-15.0893169942445	7.915838131732572	0.8225809914691952
-1.407407407407407	-0.6666666666666667	-4.801419624643249	19.16106934993492	1.726896427636603
-1.407407407407407	-0.5185185185185186	-16.74559044649935	8.252056885360133	0.1004870789487955
-1.407407407407407	-0.3703703703703705	-7.375122887130594	18.74463326986226	1.848556948366381
-1.407407407407407	-0.2222222222222223	-24.75838736221046	2.580883979795573	0.1615030251981007
-1.407407407407407	-0.07407407407407418	-21.87529830097819	6.792890090553541	0.2665463769503249
-1.407407407407407	0.07407407407407396	-28.37257583655689	1.747702411439906	0.1737344013182305
-1.407407407407407	0.2222222222222223	-36.50473868335202	4.793392818114036	0.6799785288475364
-1.407407407407407	0.3703703703703702	-27.05792299990727	6.401579253483398	0.08474574148876503
-1.407407407407407	0.5185185185185182	-10.34317635754888	25.04225437155016	0.3370058845450106
-1.407407407407407	0.6666666666666665	-56.53754626654116	19.02493446368481	0.2362414118110751
-1.407407407407407	0.8148148148148149	-65.53549330246804	25.668047742341	0.196808525207714
-1.407407407407407	0.9629629629629628	-66.04317228875018	23.56400019646038	0.4098867461254014
-1.407407407407407	1.111111111111111	-80.56700222075696	35.18756551933801	0.3404612280225867
-1.407407407407407	1.259259259259259	-80.65815001297882	32.05687189575539	0.2691055758808286
-1.407407407407407	1.407407407407407	-72.74828353944478	20.57103768858975	0.630712342676922
-1.407407407407407	1.555555555555555	-62.33820250051137	6.20189306932965	0.338857957029327
-1.407407407407407	1.703703703703703	-53.96121131523812	6.538064061262702	0.2894883154353662
-1.407407407407407	1.851851851851852	-46.99630497576111	18.27638063754875	0.2581852294287929
-1.407407407407407	2	-42.11247096391995	28.32927749908261	0.5118977409457911
-1.259259259259259	-2	-6.550280437799628	9.083219907507397	0.1168549008554819
-1.259259259259259	-1.851851851851852	-6.4582382229963	9.680180348637752	0.1153792933595284
-1.259259259259259	-1.703703703703704	-6.072095056647608	10.60399001146374	0.0434063880104734
-1.259259259259259	-1.555555555555556	-7.013075394399403	10.23661260990021	0.04913942748783606
-1.259259259259259	-1.407407407407407	-8.049366855028769	9.813460532102422	0.1761880094731587
-1.259259259259259	-1.259259259259259	-9.983609259528901	8.535971377046117	0.1773720231105002
-1.259259259259259	-1.111111111111111	-8.9643256012377	10.26025471920857	0.1435464130395626
-1.259259259259259	-0.962962962962963	-10.04570149082424	9.937405031075729	0.3270709596740774
-1.259259259259259	-0.8148148148148149	-13.34135895004237	7.459837864335428	0.7120074952121631
-1.259259259259259	-0.6666666666666667	-19.08880055107797	2.596976842993296	0.4126259736160128
-1.259259259259259	-0.5185185185185186	-13.59655029410157	9.048269260162796	0.7574417441932502
-1.259259259259259	-0.3703703703703705	-15.6690558496643	8.018470487056497	0.3142305986128449
-1.259259259259259	-0.2222222222222223	-15.33516551321751	9.489389255965824	0.2270315922927839
-1.259259259259259	-0.07407407407407418	-14.64249667814531	11.425782732008	0.3733078364180672
-1.259259259259259	0.07407407407407396	-19.47415918890147	7.958943437922066	0.1760801579295884
-1.259259259259259	0.2222222222222223	-16.9225611870589	12.01325432026946	0.6053328602558115
-1.259259259259259	0.3703703703703702	-20.9017087399857	9.694300727076978	0.1058213978956676
-1.259259259259259	0.5185185185185182	-22.38600333455374	10.05052726692786	0.104230174364851
-1.259259259259259	0.6666666666666665	-18.80794391726278	15.67600969819244	0.2264433894425336
-1.259259259259259	0.8148148148148149	22.81738934676997	59.58641424557965	0.4656768574585824
-1.259259259259259	0.9629629629629628	-54.96402198477534	15.63704412470066	0.4343785064899792
-1.259259259259259	1.111111111111111	-83.76420105676939	41.56665257663617	1.219760833190329
-1.259259259259259	1.259259259259259	-72.00776005076212	26.58335463140065	0.1767947917682129
-1.259259259259259	1.407407407407407	-62.76588246864111	13.71232823680971	0.3546930627489361
-1.259259259259259	1.555555555555555	-56.74300133942131	3.612898985265325	0.659191822468255
-1.259259259259259	1.703703703703703	-49.55055425582386	8.142111289294	0.1755325098120814
-1.259259259259259	1.851851851851852	-40.89685857657221	21.86799472412526	0.1464590617217346
-1.259259259259259	2	-35.92967230856473	32.41433865301278	0.2068947094970162
-1.111111111111111	-2	-3.921796805528966	9.947889632976075	0.07128189545274279
-1.111111111111111	-1.851851851851852	-4.251710232749863	10.07100974545369	0.1436860233847247
-1.111111111111111	-1.703703703703704	-3.954650221622887	10.85101510463279	0.08690827990239251
-1.111111111111111	-1.555555555555556	-4.496960240089627	10.82454983477517	0.1007763175333889
-1.111111111111111	-1.407407407407407	-4.689526414344197	11.1841152604555	0.07902106702822528
-1.111111111111111	-1.259259259259259	-5.220902902036048	11.24501139304667	0.04564050496032247
-1.111111111111111	-1.111111111111111	-8.300837276042234	8.801891693010138	1.734484843001105
-1.111111111111111	-0.962962962962963	-15.47769927708346	2.311430751864043	2.422409987074113
-1.111111111111111	-0.8148148148148149	-8.764256004934932	9.76666555823331	0.2965599365766071
-1.111111111111111	-0.6666666666666667	-7.948866669324602	11.38594186850181	0.1629412299028162
-1.111111111111111	-0.5185185185185186	-7.639879584916909	12.56868875214567	0.1251226201638438
-1.111111111111111	-0.3703703703703705	-8.095686614585954	13.06557320224232	0.2359876715066485
-1.111111111111111	-0.2222222222222223	-7.675484224163132	14.52799430789426	0.2511019589575866
-1.111111111111111	-0.07407407407407418	-8.299213903451706	15.04845462463938	0.5246976815104243
-1.111111111111111	0.07407407407407396	-7.737093190588583	16.87140961392591	0.1148065312614412
-1.111111111111111	0.2222222222222223	-7.081841176841029	18.92150466767042	0.3324786248968232
-1.111111111111111	0.3703703703703702	-12.84168870159006	14.71112287512772	0.3165626181183165
-1.111111111111111	0.5185185185185182	-9.122148921703896	20.1592781393551	0.1749757010566358
-1.111111111111111	0.6666666666666665	-11.120278242207	20.09812452213936	0.1915282774702373
-1.111111111111111	0.8148148148148149	-16.70641735510619	16.69207111288107	2.173159496091242
-1.111111111111111	0.9629629629629628	-39.32028278064776	3.457433794786468	0.296371009712989
-1.111111111111111	1.111111111111111	-58.15201017296813	19.49220191887805	0.08674135925255438
-1.111111111111111	1.259259259259259	-57.16941036134494	15.32425322613692	0.7032951814598111
-1.111111111111111	1.407407407407407	-52.14370649007625	6.662240684237901	2.313734635338406
-1.111111111111111	1.555555555555555	-54.20413802358401	4.568674596681369	0.5354465016443059
-1.111111111111111	1.703703703703703	-42.75774326215885	11.61434944642021	0.1012951937812611
-1.111111111111111	1.851851851851852	-33.67703473394431	26.06652810252642	0.1519926642125722
-1.111111111111111	2	-30.14668968797455	35.62556499407126	0.1978447696184855
-0.962962962962963	-2	-1.367902259364265	10.71075145114855	0.07952215410847804
-0.962962962962963	-1.851851851851852	-1.729461086986299	10.7477055550194	0.1920080464645079
-0.962962962962963	-1.703703703703704	-1.709052262403686	11.19336026486425	0.1490469518339851
-0.962962962962963	-1.555555555555556	-1.454240917099274	11.90288179719961	0.2325173212554842
-0.962962962962963	-1.407407407407407	-2.12006241905192	11.72434321826406	0.2161066697594562
-0.962962962962963	-1.259259259259259	-2.202985057876147	12.16482750679752	0.09519058197567734
-0.962962962962963	-1.111111111111111	-3.194501052677331	11.73691612546022	0.6924623184923011
-0.962962962962963	-0.962962962962963	-3.954116245468485	11.58579612416511	0.5519367857611763
-0.962962962962963	-0.8148148148148149	-2.9100629421508	13.28866563147669	0.1161641436331754
-0.962962962962963	-0.6666666666666667	-3.131078109191787	13.78310105258646	0.1296834910935533
-0.962962962962963	-0.5185185185185186	-3.062075538897503	14.63156445457422	0.1149668292932485
-0.962962962962963	-0.3703703703703705	-3.042659658636354	15.50311258413145	0.07528145607990634
-0.962962962962963	-0.2222222222222223	-1.608512456214186	17.87228777206518	0.08047081834238107
-0.962962962962963	-0.07407407407407418	-1.880805777181227	18.63005350578192	0.08925605393717137
-0.962962962962963	0.07407407407407396	-2.033157755035173	19.61727505963505	0.07177479200417783
-0.962962962962963	0.2222222222222223	-4.111276807710715	18.80562581073601	0.6448231487693228
-0.962962962962963	0.3703703703703702	-3.375431939350581	20.95580997758448	0.02098802925759517
-0.962962962962963	0.5185185185185182	-2.844567197688338	23.07431837335808	0.03287540699207868
-0.962962962962963	0.6666666666666665	-7.588566317032809	20.12224769822028	0.8405160723809995
-0.962962962962963	0.8148148148148149	-5.210088484030758	24.53479281291147	1.290345584634708
-0.962962962962963	0.9629629629629628	7.474496100916435	39.5418877041769	0.2801468223895743
-0.962962962962963	1.111111111111111	-28.32528198741927	6.409577552366994	0.2704369397019871
-0.962962962962963	1.259259259259259	-19.34671316523228	18.46901944234084	4.098849645126432
-0.962962962962963	1.407407407407407	-47.50515246046646	6.113621313032795	0.353442144078715
-0.962962962962963	1.555555555555555	-45.99056540602402	0.4343131789433485	0.1161447128122378
-0.962962962962963	1.703703703703703	-33.94257937217681	16.46928978014022	0.1874283213321051
-0.962962962962963	1.851851851851852	-29.97513203768735	26.08128094256084	0.1624038473956812
-0.962962962962963	2	-25.92662768242756	36.63364436937313	0.2016811218348475
-0.8148148148148149	-2	1.05150792978843	11.31485076255904	0.06289213045008527
-0.8148148148148149	-1.851851851851852	1.169576818783016	11.77451067195452	0.03503806419535858
-0.8148148148148149	-1.703703703703704	1.114624326535196	12.08438229333578	0.1530524820321795
-0.8148148148148149	-1.555555555555556	0.9387177674012637	12.29895381015855	0.1262879497892655
-0.8148148148148149	-1.407407407407407	0.873362815318193	12.65249500601201	0.2345477405311664
-0.8148148148148149	-1.259259259259259	0.7986347478779489	13.02825050543582	0.01189074004987275
-0.8148148148148149	-1.111111111111111	0.4194452090167431	13.1347821979115	0.1380991110475447
-0.8148148148148149	-0.962962962962963	1.370185355468896	14.6107052706561	0.2394669023542232
-0.8148148148148149	-0.8148148148148149	2.146843853382394	15.95692094528131	0.03057897768425652
-0.8148148148148149	-0.6666666666666667	1.798068882051118	16.22782113180689	0.06234773964024041
-0.8148148148148149	-0.5185185185185186	2.37783297591257	17.48413180711335	0.115942104536594
-0.8148148148148149	-0.3703703703703705	3.60700445914496	19.45470944107183	0.03806878257400037
-0.8148148148148149	-0.2222222222222223	3.326740922608975	19.99022000549691	0.1076937310503367
-0.8148148148148149	-0.07407407407407418	2.853595628205943	20.41861031549891	0.09488227391701205
-0.8148148148148149	0.07407407407407396	2.863187392073314	21.42924760974254	0.09509640119420948
-0.8148148148148149	0.2222222222222223	1.811746169017033	21.49507371545807	0.09367313907890801
-0.8148148148148149	0.3703703703703702	2.881067584541361	23.81835285881602	0.07444867789126762
-0.8148148148148149	0.5185185185185182	0.5574752517280601	22.91067293871745	0.1335988803149372
-0.8148148148148149	0.6666666666666665	2.429261121216842	26.39175009579501	0.1301923267566547
-0.8148148148148149	0.8148148148148149	9.042725835707195	34.84725823565432	0.08129092124914948
-0.8148148148148149	0.9629629629629628	11.10361953563329	39.03259824431418	3.284543016166683
-0.8148148148148149	1.111111111111111	29.33021836218204	59.72894607634809	1.376273233125789
-0.8148148148148149	1.259259259259259	0.2344017857048261	33.52796505655148	0.07227131229585453
-0.8148148148148149	1.407407407407407	-69.09877070051787	32.38456772447162	0.2516882251739926
-0.8148148148148149	1.555555555555555	-44.06724806962129	3.281426592355345	0.02349852653278032
-0.8148148148148149	1.703703703703703	-25.35693925159461	20.30160392596896	0.2126621456218047
-0.8148148148148149	1.851851851851852	-17.72166257632037	33.77768370333419	0.1486759138661735
-0.8148148148148149	2	-15.78262826554304	42.68257982926866	0.2962362586880082
-0.6666666666666667	-2	3.326539804374968	11.75350882585564	0.1851111202461925
-0.6666666666666667	-1.851851851851852	3.056381969961001	11.76589839196597	0.2026698595443333
-0.6666666666666667	-1.703703703703704	3.161215782027486	12.1727221327656	0.2160450939647955
-0.6666666666666667	-1.555555555555556	4.250949327993923	13.58594779113216	0.1106431676188546
-0.6666666666666667	-1.407407407407407	2.819192950348941	12.50154395199709	0.3320479391053009
-0.6666666666666667	-1.259259259259259	3.684884094384857	13.74116041109129	0.1582373390848318
-0.6666666666666667	-1.111111111111111	5.076615531316595	15.53652462424572	0.08282005832301194
-0.6666666666666667	-0.962962962962963	5.09956647624644	15.99645723157193	0.1250525156763949
-0.6666666666666667	-0.8148148148148149	5.878978023721061	17.25045266474305	0.1396352118498821
-0.6666666666666667	-0.6666666666666667	6.767187195199502	18.65584523482748	0.07575824940451485
-0.6666666666666667	-0.5185185185185186	7.249296288585481	19.70364558674405	0.09697922447030852
-0.6666666666666667	-0.3703703703703705	7.885374071766179	20.96095517085606	0.05207117560755765
-0.6666666666666667	-0.2222222222222223	7.512059931885235	21.27284504367647	0.09183934947053335
-0.6666666666666667	-0.07407407407407418	7.649088063427987	22.16923708196502	0.09744975599682282
-0.6666666666666667	0.07407407407407396	8.110887530333951	23.47697274315733	0.1153993115941652
-0.6666666666666667	0.2222222222222223	9.341969562997525	25.65582198925808	0.1133861643893023
-0.6666666666666667	0.3703703703703702	11.45606366484446	28.83845254607238	0.1606742407613041
-0.6666666666666667	0.5185185185185182	13.14792911533859	31.74336989809522	0.1060601267726548
-0.6666666666666667	0.6666666666666665	15.45582908706704	35.43893560896701	0.1688190180182366
-0.6666666666666667	0.8148148148148149	16.1879155536523	37.77188479542188	0.2507485264643794
-0.6666666666666667	0.9629629629629628	14.14272221329279	37.59078479125061	0.2733846586699581
-0.6666666666666667	1.111111111111111	-2.751081777510895	22.88992404679439	0.6083179784513953
-0.6666666666666667	1.259259259259259	-13.90117239396274	14.34856310101153	0.125314460116634
-0.6666666666666667	1.407407407407407	-14.97744964496197	16.41281845922585	0.08729298182491632
-0.6666666666666667	1.555555555555555	-10.05493101536558	25.16266195282712	0.299685757171076
-0.6666666666666667	1.703703703703703	-1.977199391324535	37.95918375564537	2.552165100793335
-0.6666666666666667	1.851851851851852	-8.698387362528731	37.10854209257363	1.73519161026367
-0.6666666666666667	2	-8.870941598611022	44.25916075554497	0.07696681445634164
-0.5185185185185186	-2	5.921955665309714	12.49495065178308	0.08119169383193904
-0.5185185185185186	-1.851851851851852	6.694446792782348	13.48914522129931	0.06921863607544959
-0.5185185185185186	-1.703703703703704	7.123595126068784	14.15539716537775	0.1532899241134637
-0.5185185185185186	-1.555555555555556	6.470082398162492	13.7560415246427	0.1302927732052475
-0.5185185185185186	-1.407407407407407	6.548842109679889	14.1079090907211	0.3675154896535768
-0.5185185185185186	-1.259259259259259	7.228971347086691	15.08228464906491	0.2605338160947638
-0.5185185185185186	-1.111111111111111	8.583242830781526	16.75447639073127	0.1341274846011962
-0.5185185185185186	-0.962962962962963	8.664835832079627	17.18061823642969	0.1076448418308362
-0.5185185185185186	-0.8148148148148149	9.596516979757103	18.48694023712097	0.1968300790238451
-0.5185185185185186	-0.6666666666666667	10.87664039151969	20.17588207358309	0.05460451514469942
-0.5185185185185186	-0.5185185185185186	11.13392834428742	20.88101848339488	0.1087228636725898
-0.5185185185185186	-0.3703703703703705	11.11177073519077	21.35154536423089	0.06980023191993903
-0.5185185185185186	-0.2222222222222223	11.68694695189678	22.47124481945937	0.08511470760928644
-0.5185185185185186	-0.07407407407407418	12.83301822436552	24.22219792242004	0.07106031408379318
-0.5185185185185186	0.07407407407407396	13.79837061671992	25.86325502724535	0.06910320618647581
-0.5185185185185186	0.2222222222222223	14.99587983451014	27.8202779367453	0.08158388397983227
-0.5185185185185186	0.3703703703703702	16.68486168324785	30.36888143549534	0.07792284144088887
-0.5185185185185186	0.5185185185185182	18.92820136555421	33.59266285396531	0.09562665499680498
-0.5185185185185186	0.6666666666666665	21.25330188210714	37.04570541096442	0.195284820107993
-0.5185185185185186	0.8148148148148149	23.85401294613397	40.95674191518634	0.08008395600983594
-0.5185185185185186	0.9629629629629628	25.47149077758595	44.11328267128528	0.3134307495064595
-0.5185185185185186	1.111111111111111	30.63856147524733	51.11084099498925	0.1005411731059173
-0.5185185185185186	1.259259259259259	57.30463318115208	79.98519278817699	0.1621261781225141
-0.5185185185185186	1.407407407407407	56.6603776525415	82.04828394363743	0.1907328059117986
-0.5185185185185186	1.555555555555555	5.584984404199968	34.35263374304375	0.2780592659241203
-0.5185185185185186	1.703703703703703	2.174760569174611	35.24543839193625	0.1183279974706901
-0.5185185185185186	1.851851851851852	1.521633332278096	40.18144158636817	0.5449923419279876
-0.5185185185185186	2	0.4202352320475434	46.46186190805753	0.3666196863434438
-0.3703703703703705	-2	8.295236401248598	13.00033337851483	0.09033222903259942
-0.3703703703703705	-1.851851851851852	9.085684672306778	13.9501991100673	0.1134515013601522
-0.3703703703703705	-1.703703703703704	9.441687345208615	14.47677202466528	0.1253375351356595
-0.3703703703703705	-1.555555555555556	10.07840083813014	15.29641796170522	0.1059410570687316
-0.3703703703703705	-1.407407407407407	10.26855165963837	15.68325373059404	0.3584923607516206
-0.3703703703703705	-1.259259259259259	10.33454754310936	15.96129325825008	0.2106932304309043
-0.3703703703703705	-1.111111111111111	11.75941290957326	17.61542649500221	0.08117193458388412
-0.3703703703703705	-0.962962962962963	12.88189065303066	18.98657552995955	0.0936192733856718
-0.3703703703703705	-0.8148148148148149	12.43948530696259	18.81480628177109	0.06543045367284366
-0.3703703703703705	-0.6666666666666667	12.6485231917477	19.31947586600157	0.09897502721871902
-0.3703703703703705	-0.5185185185185186	13.65648586025049	20.65167815750848	0.07860949961664421
-0.3703703703703705	-0.3703703703703705	14.59557050738057	21.94794986727293	0.08444682891255724
-0.3703703703703705	-0.2222222222222223	15.40507942948862	23.15285146559674	0.05253460309771945
-0.3703703703703705	-0.07407407407407418	16.93796925340717	25.12577126531168	0.1324830944868048
-0.3703703703703705	0.07407407407407396	18.21201311994456	26.89243154501585	0.1439025672660453
-0.3703703703703705	0.2222222222222223	20.36518641989635	29.60074551306227	0.1098916839652515
-0.3703703703703705	0.3703703703703702	22.51376279394696	32.37956973703132	0.02207354888309746
-0.3703703703703705	0.5185185185185182	23.751519328401	34.33884064663813	0.097349945986825
-0.3703703703703705	0.6666666666666665	24.67416916281406	36.09535543781334	0.1182591547718238
-0.3703703703703705	0.8148148148148149	26.9007113052588	39.29611813901727	0.1965029976311192
-0.3703703703703705	0.9629629629629628	27.15796286610001	40.70590185410051	0.3333112430478245
-0.3703703703703705	1.111111111111111	31.59076043589379	46.52217761403134	0.1774309067704822
-0.3703703703703705	1.259259259259259	30.05451825087504	46.67527516476709	0.2624984387852561
-0.3703703703703705	1.407407407407407	-23.01027973752905	4.28449189225649	0.1773145925212297
-0.3703703703703705	1.555555555555555	-17.25207387269523	4.160895602176527	1.341206275289493
-0.3703703703703705	1.703703703703703	7.054892432601352	31.99879769602591	1.449683144334391
-0.3703703703703705	1.851851851851852	13.05855662608998	42.80343792303218	0.4638844493749212
-0.3703703703703705	2	12.2733258646111	48.80218123159626	0.07810451379688868
-0.2222222222222223	-2	10.68895853516975	13.51608311333102	0.122567419227466
-0.2222222222222223	-1.851851851851852	11.13298544031092	14.0561883722891	0.1116343126480289
-0.2222222222222223	-1.703703703703704	11.47541010271151	14.50144518573695	0.1855310558130035
-0.2222222222222223	-1.555555555555556	11.44918181240239	14.58554018073499	0.3062289275367957
-0.2222222222222223	-1.407407407407407	12.4211525484153	15.67617393681107	0.1583221303837067
-0.2222222222222223	-1.259259259259259	13.2425020579172	16.62550784924781	0.1771059926197396
-0.2222222222222223	-1.111111111111111	13.70285637027768	17.22430974719992	0.1184318420527126
-0.2222222222222223	-0.962962962962963	14.12621415462979	17.7979142530005	0.05201794712372997
-0.2222222222222223	-0.8148148148148149	15.22578280012534	19.06110189725864	0.1606105500654084
-0.2222222222222223	-0.6666666666666667	16.33504368800989	20.34921938342092	0.05310327491932357
-0.2222222222222223	-0.5185185185185186	16.7701871910106	20.9806855943128	0.08737379991708115
-0.2222222222222223	-0.3703703703703705	17.60320865105711	22.03018029853651	0.123757630373581
-0.2222222222222223	-0.2222222222222223	19.30045356111465	23.96731193255366	0.104869133756566
-0.2222222222222223	-0.07407407407407418	20.77493835677618	25.70910269733625	0.1163946605093425
-0.2222222222222223	0.07407407407407396	22.13362440111033	27.36748604832676	0.08685844797081721
-0.2222222222222223	0.2222222222222223	23.30388088927653	28.87607869324034	0.1046534460099395
-0.2222222222222223	0.3703703703703702	24.57662035132736	30.53375146603557	0.1249531035114867
-0.2222222222222223	0.5185185185185182	25.51667202728549	31.91562865465441	0.185953249032751
-0.2222222222222223	0.6666666666666665	27.16120520249727	34.07243232152195	0.1037491480272378
-0.2222222222222223	0.8148148148148149	28.64729934027838	36.15944344333113	0.1810624315932774
-0.2222222222222223	0.9629629629629628	32.53614630184281	40.76286876595097	0.2466450089191334
-0.2222222222222223	1.111111111111111	40.33077796956488	49.42105489038721	0.3000469349666411
-0.2222222222222223	1.259259259259259	40.65552958039829	50.80979616059855	2.652389065116944
-0.2222222222222223	1.407407407407407	42.88787142455929	54.38443444214507	7.208845160707951
-0.2222222222222223	1.555555555555555	11.87566930741178	25.11618922259898	0.1848748156312009
-0.2222222222222223	1.703703703703703	24.36963829177815	39.9624492310445	1.36554473603666
-0.2222222222222223	1.851851851851852	24.13579379858362	43.06043821463485	0.8591034066004456
-0.2222222222222223	2	22.79449117639126	46.75698015096945	0.2971656963994769
-0.07407407407407418	-2	12.90494029247709	13.84799552494809	0.08900944466681086
-0.07407407407407418	-1.851851851851852	13.59069734625929	14.56585048935185	0.1085246753372947
-0.07407407407407418	-1.703703703703704	14.4233119232794	15.43282470589579	0.08825175421963791
-0.07407407407407418	-1.555555555555556	14.14374836716681	15.19013027426496	0.5406101273265466
-0.07407407407407418	-1.407407407407407	15.15264703823603	16.23869286424243	0.3150756119295739
-0.07407407407407418	-1.259259259259259	15.61038846150937	16.73922325817001	0.1051831410883999
-0.07407407407407418	-1.111111111111111	16.0782606790814	17.25339391632076	0.07903595470128097
-0.07407407407407418	-0.962962962962963	16.67352632017823	17.89891762255233	0.05163805749451019
-0.07407407407407418	-0.8148148148148149	17.25909114809111	18.53923070769603	0.07365480022376175
-0.07407407407407418	-0.6666666666666667	17.96664586500016	19.30665364589986	0.06734662571080172
-0.07407407407407418	-0.5185185185185186	19.38749300084425	20.79324226189059	0.1051280423356737
-0.07407407407407418	-0.3703703703703705	20.87616319158506	22.35443584827393	0.1000625171825421
-0.07407407407407418	-0.2222222222222223	22.49176982660774	24.05045403281856	0.1277064910792255
-0.07407407407407418	-0.07407407407407418	23.9927493615229	25.64109386641904	0.1245953432036902
-0.07407407407407418	0.07407407407407396	25.11949406745696	26.86844011201118	0.06442619835228987
-0.07407407407407418	0.2222222222222223	26.02980302847872	27.89242397778539	0.05908991550051695
-0.07407407407407418	0.3703703703703702	27.42682432155994	29.41891789452638	0.1759321060329908
-0.07407407407407418	0.5185185185185182	29.86091991914481	32.00182128546791	0.2136561458932424
-0.07407407407407418	0.6666666666666665	32.16476455391101	34.47848705173523	0.1884197927682831
-0.07407407407407418	0.8148148148148149	35.40455743022971	37.92143308716923	0.2444230362513617
-0.07407407407407418	0.9629629629629628	39.91806306965701	42.67717072827728	0.3151369939121039
-0.07407407407407418	1.111111111111111	45.62038095157165	48.67326346636408	0.3365304921741821
-0.07407407407407418	1.259259259259259	52.58171427452121	55.99830246629255	0.799285390779538
-0.07407407407407418	1.407407407407407	67.72772061486246	71.60624511771017	0.1414096429964785
-0.07407407407407418	1.555555555555555	61.62553204870093	66.11013805824555	0.3936221069498174
-0.07407407407407418	1.703703703703703	45.01008466440932	50.32463033435408	0.157018584839341
-0.07407407407407418	1.851851851851852	36.08077214075633	42.60057389241332	0.5991019792823226
-0.07407407407407418	2	31.46601472133992	39.8929837428206	0.5629542524925072
0.07407407407407396	-2	15.0185233605997	14.07546812812869	0.1241229914987852
0.07407407407407396	-1.851851851851852	15.8525145034173	14.87736136032473	0.06235354437750971
0.07407407407407396	-1.703703703703704	16.32132030312539	15.31180752050901	0.1135061142559536
0.07407407407407396	-1.555555555555556	16.88247902730631	15.83609712020815	0.1169474076728373
0.07407407407407396	-1.407407407407407	17.47416868713564	16.38812286112923	0.1312402326341428
0.07407407407407396	-1.259259259259259	18.23470901500308	17.10587421834244	0.2675655910838185
0.07407407407407396	-1.111111111111111	19.33720784040593	18.16207460316657	0.07339702241563259
0.07407407407407396	-0.962962962962963	20.04986436809014	18.82447306571602	0.113913236802427
0.07407407407407396	-0.8148148148148149	20.81467959321341	19.53454003360849	0.1274223816714591
0.07407407407407396	-0.6666666666666667	21.66387709710538	20.32386931620567	0.140091260061642
0.07407407407407396	-0.5185185185185186	22.51105266862923	21.10530340758289	0.09221646411957153
0.07407407407407396	-0.3703703703703705	23.66397336972651	22.18570071303764	0.1185287363015938
0.07407407407407396	-0.2222222222222223	24.85995599129124	23.30127178508042	0.03489946113688769
0.07407407407407396	-0.07407407407407418	26.18972470893889	24.54138020404275	0.05000079667746176
0.07407407407407396	0.07407407407407396	27.3593056356823	25.61035959112807	0.124624303146947
0.07407407407407396	0.2222222222222223	28.54930883520479	26.68668788589811	0.1113434009017587
0.07407407407407396	0.3703703703703702	31.12584070257951	29.13374712961307	0.1341431799683255
0.07407407407407396	0.5185185185185182	32.91611528233219	30.77521391600909	0.1286364134933308
0.07407407407407396	0.6666666666666665	36.37279353463501	34.05907103681079	0.284335964484565
0.07407407407407396	0.8148148148148149	40.35301900297731	37.83614334603779	0.1795842838330221
0.07407407407407396	0.9629629629629628	47.64010325053045	44.88099559191019	0.3491345475988568
0.07407407407407396	1.111111111111111	56.254789227295	53.20190671250257	0.8420281874317868
0.07407407407407396	1.259259259259259	68.6665982115168	65.25001001974546	0.6407557409368732
0.07407407407407396	1.407407407407407	73.43283386288013	69.55430936003242	1.09709875893566
0.07407407407407396	1.555555555555555	75.14933897101938	70.66473296147475	2.240061464941166
0.07407407407407396	1.703703703703703	60.06656359137617	54.75201792143142	0.3736295035308627
0.07407407407407396	1.851851851851852	49.22775401464442	42.70795226298744	0.833887393667336
0.07407407407407396	2	41.0894467978755	32.66247777639484	0.2017368496695637
0.2222222222222223	-2	17.2732154168664	14.44609083870512	0.0413923469253325
0.2222222222222223	-1.851851851851852	17.95146450955693	15.02826157757875	0.1127742670376156
0.2222222222222223	-1.703703703703704	18.52680601426005	15.50077093123461	0.1608777824812272
0.2222222222222223	-1.555555555555556	19.69145197088088	16.55509360254829	0.3417735760275226
0.2222222222222223	-1.407407407407407	21.07644806908946	17.82142668069369	0.3812593992640089
0.2222222222222223	-1.259259259259259	20.5781783796758	17.19517258834518	0.05686361684177633
0.2222222222222223	-1.111111111111111	21.64599463699549	18.12454126007324	0.0767654728632691
0.2222222222222223	-0.962962962962963	22.50377685314415	18.83207675477345	0.05706486257057528
0.2222222222222223	-0.8148148148148149	23.92448222117505	20.08916312404174	0.06142447419257829
0.2222222222222223	-0.6666666666666667	24.46497784738045	20.45080215196942	0.21438418782341
0.2222222222222223	-0.5185185185185186	26.2525083645183	22.04200996121609	0.1107182856896463
0.2222222222222223	-0.3703703703703705	27.62975049962582	23.20277885214642	0.1236173721551275
0.2222222222222223	-0.2222222222222223	28.51156443124447	23.84470605980546	0.1533205877551155
0.2222222222222223	-0.07407407407407418	28.97229995785117	24.0381356172911	0.1266840482304913
0.2222222222222223	0.07407407407407396	30.44494340645683	25.21108175924039	0.05061416605202222
0.2222222222222223	0.2222222222222223	32.07100291199321	26.49880510802941	0.07624274330658505
0.2222222222222223	0.3703703703703702	34.03779953158545	28.08066841687723	0.1826042867596511
0.2222222222222223	0.5185185185185182	38.21785168694723	31.81889505957832	0.3148560527697136
0.2222222222222223	0.6666666666666665	42.8649807337614	35.95375361473671	0.2850274405712265
0.2222222222222223	0.8148148148148149	50.31735314807846	42.80520904502571	0.3681338063568146
0.2222222222222223	0.9629629629629628	57.25436432389156	49.02764185978338	0.2423241232147816
0.2222222222222223	1.111111111111111	66.84723432106884	57.75695740024651	0.4427102385272263
0.2222222222222223	1.259259259259259	73.87411657560288	63.71984999540261	0.9147128748924097
0.2222222222222223	1.407407407407407	74.34718122117421	62.85061820358842	0.4510054116347184
0.2222222222222223	1.555555555555555	75.15103734250127	61.91051742731405	0.7529099252053518
0.2222222222222223	1.703703703703703	71.25936013267753	55.66654919341119	0.7000058524565578
0.2222222222222223	1.851851851851852	62.88611379723773	43.96146938118648	0.6542471999980081
0.2222222222222223	2	52.69220729700545	28.72971832242725	0.5261128334778091
0.3703703703703702	-2	18.9202962621826	14.21519928491635	0.0446342530623065
0.3703703703703702	-1.851851851851852	19.2837681998381	14.41925376207757	0.09140893813496588
0.3703703703703702	-1.703703703703704	19.9880836982873	14.95299901883063	0.1689333577715891
0.3703703703703702	-1.555555555555556	21.23919537134334	16.02117824776824	0.6029804039546753
0.3703703703703702	-1.407407407407407	23.77814486408122	18.36344279312555	0.3528706065953221
0.3703703703703702	-1.259259259259259	22.1742756923121	16.54752997717137	0.1992430442401925
0.3703703703703702	-1.111111111111111	22.4151061107884	16.55909252535945	0.1521050550866746
0.3703703703703702	-0.962962962962963	23.0077092745259	16.90302439759702	0.07749193750682691
0.3703703703703702	-0.8148148148148149	24.84215475317857	18.46683377837007	0.1368110928602742
0.3703703703703702	-0.6666666666666667	26.46927260324957	19.7983199289957	0.1243606531197294
0.3703703703703702	-0.5185185185185186	27.15134786757221	20.1561555703142	0.1656909006004094
0.3703703703703702	-0.3703703703703705	28.09821709602647	20.74583773613411	0.06967935460744988
0.3703703703703702	-0.2222222222222223	29.14994518117603	21.40217314506791	0.1306023649908309
0.3703703703703702	-0.07407407407407418	31.03841357187308	22.85061155996857	0.1328095026715805
0.3703703703703702	0.07407407407407396	32.08726394712712	23.40684552205582	0.105765743353541
0.3703703703703702	0.2222222222222223	33.98029343635767	24.74473434319174	0.1694685007596987
0.3703703703703702	0.3703703703703702	38.08008024491797	28.21427330183361	0.1721387054943894
0.3703703703703702	0.5185185185185182	43.11748627861071	32.53016496037358	0.2899530351730553
0.3703703703703702	0.6666666666666665	48.1594466409774	36.73826036597812	0.5755697466134567
0.3703703703703702	0.8148148148148149	53.79481700877744	41.39941017501899	0.4629970944321145
0.3703703703703702	0.9629629629629628	61.91595192936436	48.36801294136387	0.7537402404722249
0.3703703703703702	1.111111111111111	69.38737701208586	54.45595983394832	0.7442475098085982
0.3703703703703702	1.259259259259259	74.69129478866466	58.07053787477261	1.539292212194054
0.3703703703703702	1.407407407407407	77.25115209639314	58.52536425112059	0.7523586991772547
0.3703703703703702	1.555555555555555	76.58988583383963	55.17691635896788	0.4041544588586331
0.3703703703703702	1.703703703703703	71.1789734492523	46.23506818582774	0.1531928822397023
0.3703703703703702	1.851851851851852	63.69719985726097	33.95231856031877	0.4321376778084268
0.3703703703703702	2	57.51708627192771	20.98823090494255	0.1519770018727168
0.5185185185185182	-2	20.71886682003839	14.14587183356502	0.03795384232115385
0.5185185185185182	-1.851851851851852	21.08490661400802	14.29020818549106	0.1466959305701406
0.5185185185185182	-1.703703703703704	21.88784625070383	14.85604421139486	0.1627412455239354
0.5185185185185182	-1.555555555555556	22.28948605757499	15.00352693109478	0.08756499840826833
0.5185185185185182	-1.407407407407407	25.37550517361895	17.81643819257774	1.942058175632968
0.5185185185185182	-1.259259259259259	23.71640738967604	15.86309408769783	0.2462563185540605
0.5185185185185182	-1.111111111111111	24.85850390877847	16.68727034882873	0.07291087842144368
0.5185185185185182	-0.962962962962963	26.03581778438362	17.52003538003355	0.2957120443558885
0.5185185185185182	-0.8148148148148149	27.21151560250289	18.32109234513902	0.08165925634274641
0.5185185185185182	-0.6666666666666667	28.28329358565924	18.98405190359584	0.2415003885598343
0.5185185185185182	-0.5185185185185186	28.42292230224566	18.6758321631382	0.09937721936088902
0.5185185185185182	-0.3703703703703705	30.18033882748234	19.94056419844223	0.1128923827573816
0.5185185185185182	-0.2222222222222223	31.768615263718	20.9843173961554	0.1247938245419965
0.5185185185185182	-0.07407407407407418	32.71642699158303	21.32724729352852	0.2625497103550035
0.5185185185185182	0.07407407407407396	35.70039638183063	23.63551197130521	0.3511053190693655
0.5185185185185182	0.2222222222222223	39.75853996774477	26.93414186550962	0.14586418397645
0.5185185185185182	0.3703703703703702	44.46257729807299	30.77855754582549	0.2949498063821983
0.5185185185185182	0.5185185185185182	49.39019595223142	34.72573446382032	0.5579497707091131
0.5185185185185182	0.6666666666666665	55.01286819871613	39.22046466985884	0.403529101671667
0.5185185185185182	0.8148148148148149	63.21031422856485	46.10758525951248	0.1136230702372212
0.5185185185185182	0.9629629629629628	70.41529767324407	51.77350577954475	0.5292737808526554
0.5185185185185182	1.111111111111111	79.74555773748196	59.27327821774005	0.8197866427344928
0.5185185185185182	1.259259259259259	76.5272566021026	53.84669699507769	1.702924679579018
0.5185185185185182	1.407407407407407	79.86737578709385	54.47946949599795	1.144796814264087
0.5185185185185182	1.555555555555555	84.54949211699844	55.78184277815465	0.8512591180395471
0.5185185185185182	1.703703703703703	75.62730429936224	42.55662647660059	0.3439413791518891
0.5185185185185182	1.851851851851852	66.05760957514858	27.39780132105849	0.4375644749630241
0.5185185185185182	2	58.51868095616054	12.47705428015059	0.2402810196104383
0.6666666666666665	-2	22.09109463107893	13.66412560959826	0.1094702016240227
0.6666666666666665	-1.851851851851852	22.56496269988419	13.85544627787923	0.06929943498036364
0.6666666666666665	-1.703703703703704	23.51247625215147	14.50096990141334	0.1132025497928949
0.6666666666666665	-1.555555555555556	24.07497307648328	14.73997461334504	0.1594164971309268
0.6666666666666665	-1.407407407407407	24.46583589538627	14.78348489373812	0.1188896927734456
0.6666666666666665	-1.259259259259259	26.6236972231348	16.56742090642836	0.1116071138480255
0.6666666666666665	-1.111111111111111	27.54474401466585	17.08483492173673	0.09293370885732456
0.6666666666666665	-0.962962962962963	28.3881535729241	17.4912628175986	0.1583652614881809
0.6666666666666665	-0.8148148148148149	29.89608881734554	18.52461417632354	0.06053378714979382
0.6666666666666665	-0.6666666666666667	30.53783076348334	18.64917272385536	0.110682549168412
0.6666666666666665	-0.5185185185185186	31.60339511366819	19.14904581550962	0.1009296531393602
0.6666666666666665	-0.3703703703703705	33.29303227741798	20.21745117832809	0.04660936127669808
0.6666666666666665	-0.2222222222222223	35.92424811118074	22.1634629993895	0.1000737201454269
0.6666666666666665	-0.07407407407407418	38.21019448379634	23.69004546525932	0.1449548602294606
0.6666666666666665	0.07407407407407396	42.08077212781724	26.71468691499386	0.03766881020218319
0.6666666666666665	0.2222222222222223	45.45370635861808	29.13985393235752	0.07293433780255483
0.6666666666666665	0.3703703703703702	51.63195478888512	34.2495659076572	0.4758412048720612
0.6666666666666665	0.5185185185185182	55.0666626205217	36.47122183776507	0.1086457933107985
0.6666666666666665	0.6666666666666665	57.48785021471188	37.50474369281191	0.3350042684379802
0.6666666666666665	0.8148148148148149	65.86740780172141	44.28343855995183	0.6254243598180032
0.6666666666666665	0.9629629629629628	69.37054231567103	45.92247973771322	1.518651117404506
0.6666666666666665	1.111111111111111	71.00025138172832	45.35924555742304	0.300687840933047
0.6666666666666665	1.259259259259259	62.95827303610152	34.70853754112724	2.909101539767787
0.6666666666666665	1.407407407407407	79.36274669597434	47.97247859178654	0.6253936254323006
0.6666666666666665	1.555555555555555	79.01184786215916	43.79425489396644	1.145140223533768
0.6666666666666665	1.703703703703703	79.95318964712331	40.01680650015341	1.366068919028991
0.6666666666666665	1.851851851851852	74.73611117463565	28.9291817195333	0.494929515588528
0.6666666666666665	2	65.03118110828973	11.90107875413374	0.153493261669796
0.8148148148148149	-2	23.95409089698088	13.69074806421026	0.08923664961356875
0.8148148148148149	-1.851851851851852	24.71386608857222	14.1089322354007	0.09596726064660119
0.8148148148148149	-1.703703703703704	25.67596484811159	14.70620688131101	0.09487522438530784
0.8148148148148149	-1.555555555555556	26.89179341332849	15.53155737057121	0.08868963349502443
0.8148148148148149	-1.407407407407407	28.01271197768574	16.23357978699191	0.2213505479655264
0.8148148148148149	-1.259259259259259	29.1516701259721	16.92205436841422	0.1062292552346599
0.8148148148148149	-1.111111111111111	29.97674607897998	17.26140909008521	0.1348774628696661
0.8148148148148149	-0.962962962962963	31.81879238324614	18.57827246805893	0.28171238930304
0.8148148148148149	-0.8148148148148149	32.56308642592793	18.75300933402901	0.0820417688832944
0.8148148148148149	-0.6666666666666667	33.40304859467413	18.97329634491835	0.1838036903158966
0.8148148148148149	-0.5185185185185186	36.23654563924184	21.13024680804104	0.2617401667216303
0.8148148148148149	-0.3703703703703705	38.58850265244068	22.74079767051381	0.330847820850233
0.8148148148148149	-0.2222222222222223	41.92207612064082	25.25859703775289	0.3665386869002565
0.8148148148148149	-0.07407407407407418	43.64845598756027	26.08344130026729	0.2284370189312712
0.8148148148148149	0.07407407407407396	48.27769169925365	29.71163148158443	0.6035168975195145
0.8148148148148149	0.2222222222222223	50.230630099495	30.54730255305396	0.1698125446482813
0.8148148148148149	0.3703703703703702	56.01209522673331	35.07480995245865	0.329234578351197
0.8148148148148149	0.5185185185185182	62.61307828158914	40.25988059459975	0.3840906922759667
0.8148148148148149	0.6666666666666665	64.15257415322937	40.19008517865117	0.4818090724339452
0.8148148148148149	0.8148148148148149	62.67859504877728	36.87406264883015	0.6249968026282013
0.8148148148148149	0.9629629629629628	61.07405113585384	33.14507242717292	1.581748084976819
0.8148148148148149	1.111111111111111	58.28012447543948	27.88139676127341	1.949737733589436
0.8148148148148149	1.259259259259259	60.75500138455403	27.46143811370736	0.2959155864310833
0.8148148148148149	1.407407407407407	56.95707871526499	20.24287573921873	0.5253178939086284
0.8148148148148149	1.555555555555555	79.02607988700478	38.24025840973882	0.3543364353865373
0.8148148148148149	1.703703703703703	78.16014355224485	32.50160037468125	0.2609468144945868
0.8148148148148149	1.851851851851852	76.87768309810467	25.37833681845011	0.08549650545808395
0.8148148148148149	2	71.08861098193283	12.62340288712112	0.4246335780801496
0.9629629629629628	-2	26.00132435489189	13.92267064437906	0.1115615886350661
0.9629629629629628	-1.851851851851852	26.79381862405074	14.31665198204504	0.1649888614168476
0.9629629629629628	-1.703703703703704	27.70762178774402	14.80520926047607	0.1217103024042168
0.9629629629629628	-1.555555555555556	28.65599062752812	15.29886791322923	0.09251369604398044
0.9629629629629628	-1.407407407407407	29.61587288207873	15.77146724476274	0.09920921256125229
0.9629629629629628	-1.259259259259259	30.24141613566239	15.87360357098873	0.3171972715579418
0.9629629629629628	-1.111111111111111	32.25713588413165	17.3257187059941	0.2680171774009301
0.9629629629629628	-0.962962962962963	32.98041078638495	17.44049841675135	0.2872522316674624
0.9629629629629628	-0.8148148148148149	33.75961239892062	17.56088382529313	0.2734403290709603
0.9629629629629628	-0.6666666666666667	35.73700869669078	18.82282953491254	0.1292555580573418
0.9629629629629628	-0.5185185185185186	37.68363916837485	19.98999917490313	0.1994311544165907
0.9629629629629628	-0.3703703703703705	39.93773973973979	21.39196749697199	0.2401165551621624
0.9629629629629628	-0.2222222222222223	42.75516513528872	23.27436490700935	0.1707874059633416
0.9629629629629628	-0.07407407407407418	45.98719292502928	25.47633364206612	0.3076918874070364
0.9629629629629628	0.07407407407407396	49.67260375814787	28.02217094347765	0.09221262196209166
0.9629629629629628	0.2222222222222223	52.69152645522873	29.774623836782	0.1298649966826817
0.9629629629629628	0.3703703703703702	52.27685115733333	27.94560924039827	0.7719879695465756
0.9629629629629628	0.5185185185185182	57.03240418832652	31.1135186172801	0.3785937866181119
0.9629629629629628	0.6666666666666665	62.79272139150348	35.08190737625039	0.6129135127674428
0.9629629629629628	0.8148148148148149	67.0766980763689	37.33181677942667	0.3922497677122389
0.9629629629629628	0.9629629629629628	70.09232223551186	38.02493063225136	0.5258586186483866
0.9629629629629628	1.111111111111111	72.83518216466295	38.10032262487669	0.5512116436310044
0.9629629629629628	1.259259259259259	77.7842142073999	39.96848159982677	0.6546285223610028
0.9629629629629628	1.407407407407407	76.58456548232746	35.1930343348938	0.4567582954637501
0.9629629629629628	1.555555555555555	77.50421167408653	31.94795944700586	0.9585794828721161
0.9629629629629628	1.703703703703703	77.68599797179544	27.27412881947842	0.4632402762252371
0.9629629629629628	1.851851851851852	75.73684386069456	19.68043088044637	0.8214400638648929
0.9629629629629628	2	73.36181159808919	10.8015395462885	0.7318492507289196
1.111111111111111	-2	27.16848689918299	13.29880046067795	0.1298367047384536
1.111111111111111	-1.851851851851852	27.87718235477296	13.55446237656941	0.1476092275972327
1.111111111111111	-1.703703703703704	29.06801607113372	14.26235074487804	0.1954805303241352
1.111111111111111	-1.555555555555556	30.04658844601022	14.72507837114543	0.1425416326238249
1.111111111111111	-1.407407407407407	31.2478552125621	15.3742135377624	0.3931502235208175
1.111111111111111	-1.259259259259259	32.04756331699105	15.58164902190832	0.1183381689750004
1.111111111111111	-1.111111111111111	33.24642647999439	16.14369751094202	0.5965015803662582
1.111111111111111	-0.962962962962963	35.37927653227939	17.59014650333188	0.6549851655072114
1.111111111111111	-0.8148148148148149	35.05156502549597	16.52064346232773	0.2971562620868312
1.111111111111111	-0.6666666666666667	36.8197095823438	17.48490104451739	0.34670616931912
1.111111111111111	-0.5185185185185186	37.77953010307435	17.57096176601177	0.3737472577088305
1.111111111111111	-0.3703703703703705	41.32161983763226	20.16036002080399	0.4690688731080769
1.111111111111111	-0.2222222222222223	42.3913590897324	20.18788055767502	0.318699884868187
1.111111111111111	-0.07407407407407418	45.36066018670962	22.01299165861853	0.5067428883077051
1.111111111111111	0.07407407407407396	45.82776161144391	21.21925880692942	0.3409682283494508
1.111111111111111	0.2222222222222223	51.65984417971079	25.65649833519934	0.2121979594573149
1.111111111111111	0.3703703703703702	55.81896511400861	28.2661535372908	1.501784193552165
1.111111111111111	0.5185185185185182	60.46248411742	31.18105705636098	0.5923460114124359
1.111111111111111	0.6666666666666665	62.1989925684061	30.98058980405972	0.6868709267834703
1.111111111111111	0.8148148148148149	63.62613565269348	30.22764718470626	0.7817750713257929
1.111111111111111	0.9629629629629628	73.61897756269069	37.7561285768294	0.72400328142548
1.111111111111111	1.111111111111111	80.25112612177846	41.59131786768837	0.8401630345608723
1.111111111111111	1.259259259259259	79.75667943973208	37.91152230452408	0.6278875891735797
1.111111111111111	1.407407407407407	80.38704568038659	34.90557987454824	0.4854121252080482
1.111111111111111	1.555555555555555	78.34294363498098	28.70748020807834	0.552074710970791
1.111111111111111	1.703703703703703	77.18003698970139	22.80794428112233	0.1808585799074438
1.111111111111111	1.851851851851852	77.23215619699383	17.4885933605231	0.556255019838087
1.111111111111111	2	74.34992574162865	8.57767105958284	0.6964149674272494
1.259259259259259	-2	28.65640439726936	13.02290405196234	0.1055932887575847
1.259259259259259	-1.851851851851852	29.65959152072003	13.52117294908598	0.2427936740481726
1.259259259259259	-1.703703703703704	30.91793749684995	14.2418524287386	0.1270741305818935
1.259259259259259	-1.555555555555556	32.16976632533942	14.92007832103979	0.1343098469239393
1.259259259259259	-1.407407407407407	32.95955718545751	15.09672979832632	0.1401039464760712
1.259259259259259	-1.259259259259259	34.11089366640493	15.59131302982992	0.3201322331370024
1.259259259259259	-1.111111111111111	34.46622661161257	15.2416462911663	0.1322890907188432
1.259259259259259	-0.962962962962963	35.75881422418901	15.77570770228903	0.9828121928319571
1.259259259259259	-0.8148148148148149	-10.17451632498061	30.9757131393584	0.2219842258738141
1.259259259259259	-0.6666666666666667	34.30919722639945	12.62341983232818	0.785124053087059
1.259259259259259	-0.5185185185185186	41.43596222073773	18.79114266647336	0.1525565964879752
1.259259259259259	-0.3703703703703705	44.00979846625509	20.32227212953429	0.8468157314128139
1.259259259259259	-0.2222222222222223	46.11395800412879	21.28940323494543	0.1182701803313503
1.259259259259259	-0.07407407407407418	49.15730695505214	23.08902754489883	1.149246304886868
1.259259259259259	0.07407407407407396	49.41946208080687	21.98635945398333	2.47086978148394
1.259259259259259	0.2222222222222223	53.9265567724599	24.99074126513154	0.6841351061320285
1.259259259259259	0.3703703703703702	58.43528292996429	27.83927346290161	0.5595419378602072
1.259259259259259	0.5185185185185182	62.87029668538561	30.43376608390398	1.882560720778856
1.259259259259259	0.6666666666666665	-4.128587342867941	38.61254095832316	0.1390982544800106
1.259259259259259	0.8148148148148149	64.08337967816746	27.31435477935779	1.794418276960445
1.259259259259259	0.9629629629629628	71.03380690586513	31.70682904579045	1.365430822210129
1.259259259259259	1.111111111111111	78.46460232760808	36.26705384747488	0.6901058982172907
1.259259259259259	1.259259259259259	82.76835761755021	37.34395219818875	0.6750397331851229
1.259259259259259	1.407407407407407	81.8483719148758	32.7948176830444	0.6943925412627402
1.259259259259259	1.555555555555555	80.54953468191279	27.4194323277568	0.3347133682405382
1.259259259259259	1.703703703703703	77.02014987020027	19.32748432508241	0.3791860520404011
1.259259259259259	1.851851851851852	75.47023309383601	12.70537979313855	0.510292141080679
1.259259259259259	2	74.38992358575312	6.045912624175614	0.3114783981943173
1.407407407407407	-2	30.40035156830393	13.03290242912211	0.1298759565794662
1.407407407407407	-1.851851851851852	31.47259233025548	13.55116427222148	0.1382164934397253
1.407407407407407	-1.703703703703704	32.68824866781522	14.17761193711897	0.1363473941393708
1.407407407407407	-1.555555555555556	33.36069285191472	14.22228413163004	0.1502685044789168
1.407407407407407	-1.407407407407407	34.29301096169809	14.48451960818419	0.2054261755087401
1.407407407407407	-1.259259259259259	35.48257835710552	14.95747038047283	0.2278284411015316
1.407407407407407	-1.111111111111111	36.53498960668004	15.2419587885679	0.1159231809545954
1.407407407407407	-0.962962962962963	37.23238772071858	15.11472139373107	0.1158329342625144
1.407407407407407	-0.8148148148148149	38.53538317833917	15.5302280523621	1.171374429786133
1.407407407407407	-0.6666666666666667	44.36643807304449	20.4039490984663	1.463857428853951
1.407407407407407	-0.5185185185185186	-16.41895461591504	41.41660194777452	0.4783008917239597
1.407407407407407	-0.3703703703703705	41.0000240031525	14.88026784615965	1.080190385544262
1.407407407407407	-0.2222222222222223	49.00615875812802	21.66688741612196	0.2718728061632374
1.407407407407407	-0.07407407407407418	52.78513579127908	24.11694739974735	1.278266366836214
1.407407407407407	0.07407407407407396	52.33586872576649	22.21559047776967	1.505875445908509
1.407407407407407	0.2222222222222223	56.43153754860717	24.72019168336919	2.043572855530139
1.407407407407407	0.3703703703703702	61.2896652970767	27.83016304368603	0.5850071175927342
1.407407407407407	0.5185185185185182	64.97129698228198	29.58586625318294	0.9364471733438593
1.407407407407407	0.6666666666666665	73.45509129379937	35.94247949094302	0.3735572576840139
1.407407407407407	0.8148148148148149	66.75704585800523	26.88960029787819	1.446837884970836
1.407407407407407	0.9629629629629628	70.84921190313291	28.37003981084307	0.5236662405075837
1.407407407407407	1.111111111111111	75.58204765260577	30.20261095118678	0.612813180908412
1.407407407407407	1.259259259259259	82.11437382713574	33.51309570991231	0.8706670973415624
1.407407407407407	1.407407407407407	82.90737521121211	30.73012936035708	0.7634866862876238
1.407407407407407	1.555555555555555	81.81826431217486	25.68195488099314	0.7062299320409086
1.407407407407407	1.703703703703703	79.85166418472852	19.35238880822768	0.2703129238778159
1.407407407407407	1.851851851851852	76.19591360272837	10.92322798941851	0.7112602940402606
1.407407407407407	2	73.83027494322297	3.388526480220406	0.2888007431414738
1.555555555555555	-2	32.21585614121545	13.14666260386732	0.1368192094646528
1.555555555555555	-1.851851851851852	33.20749146559241	13.53822380157535	0.1284731367409609
1.555555555555555	-1.703703703703704	34.20141497218339	13.89472118397263	0.1863864245432469
1.555555555555555	-1.555555555555556	34.93419764520856	13.94929980932637	0.07871993296256088
1.555555555555555	-1.407407407407407	36.05654881098734	14.34883634579359	0.09010616055970518
1.555555555555555	-1.259259259259259	36.98798523557139	14.50855083846827	0.1373587438107771
1.555555555555555	-1.111111111111111	38.28348000043646	14.97858946123335	0.1767304762008019
1.555555555555555	-0.962962962962963	40.48263179341139	16.29311763938718	0.1487177010395556
1.555555555555555	-0.8148148148148149	42.38575916419056	17.24632677833515	0.4276900539130439
1.555555555555555	-0.6666666666666667	43.66766008436666	17.50609364234741	0.3233364121182588
1.555555555555555	-0.5185185185185186	46.20533359827722	18.94158803821576	0.6659778955073086
1.555555555555555	-0.3703703703703705	47.81550067998307	19.36066520219323	0.2106525516121419
1.555555555555555	-0.2222222222222223	50.58381657641625	20.83893527947403	0.4116472082288812
1.555555555555555	-0.07407407407407418	51.19618873649996	20.05092559033328	0.5477379040620204
1.555555555555555	0.07407407407407396	53.69718223895683	21.0283217049449	0.7621184720554354
1.555555555555555	0.2222222222222223	59.04776411496663	24.7175469194633	1.001952700535237
1.555555555555555	0.3703703703703702	62.12988801458538	25.98419620290723	0.3191550920483519
1.555555555555555	0.5185185185185182	63.2359874882042	25.10241729070191	1.186989272240558
1.555555555555555	0.6666666666666665	69.41757468235491	29.10347452185762	0.4993588625574669
1.555555555555555	0.8148148148148149	73.11304314141447	30.40365318405298	0.4746096210310569
1.555555555555555	0.9629629629629628	73.08860238714749	27.74551798762396	0.6125960655319409
1.555555555555555	1.111111111111111	74.88798481997294	26.64828452387082	0.9596377114871528
1.555555555555555	1.259259259259259	79.55588044091547	28.13241000435891	0.6554872563873216
1.555555555555555	1.407407407407407	83.25954823578292	28.34302211487566	0.9530981465360764
1.555555555555555	1.555555555555555	82.72176547433119	23.98549716870863	0.7468677135819364
1.555555555555555	1.703703703703703	80.85714550012031	17.96526837092208	0.7916084405934529
1.555555555555555	1.851851851851852	78.70023900416398	11.32010395220442	0.3728622267421809
1.555555555555555	2	74.85124008810416	2.670129002626922	0.6211825621715297
1.703703703703703	-2	33.71077894356453	12.9740719548811	0.1477134434391623
1.703703703703703	-1.851851851851852	34.72140695937848	13.34159236226031	0.2076567815135828
1.703703703703703	-1.703703703703704	35.47120057503163	13.40916007585011	0.1584358405698715
1.703703703703703	-1.555555555555556	36.66139876663452	13.87454529671812	0.05579033508049627
1.703703703703703	-1.407407407407407	37.75558334659242	14.19746898654226	0.1850271025739207
1.703703703703703	-1.259259259259259	38.55023270086814	14.17010534987438	0.1969691570656059
1.703703703703703	-1.111111111111111	40.66805554669171	15.41035746439378	0.2712957375104438
1.703703703703703	-0.962962962962963	42.65107176327096	16.45487244023318	0.3122589844717283
1.703703703703703	-0.8148148148148149	43.96437337334809	16.7627286203066	0.1261091036828593
1.703703703703703	-0.6666666666666667	45.66597584711857	17.38520465634399	0.219174900691495
1.703703703703703	-0.5185185185185186	48.2863632925489	18.84523411083023	0.1650085286100507
1.703703703703703	-0.3703703703703705	50.63479370498514	19.94361256429129	0.2721855930851543
1.703703703703703	-0.2222222222222223	52.20252882676489	20.16212375292504	0.4050027723788659
1.703703703703703	-0.07407407407407418	54.63950601701212	21.14010593866458	0.4491560816238428
1.703703703703703	0.07407407407407396	57.22612991610161	22.14614287850365	0.3453428990133022
1.703703703703703	0.2222222222222223	60.428258963336	23.63296515490468	0.4612967446966736
1.703703703703703	0.3703703703703702	64.10151648212187	25.44170822803179	0.5333905083567635
1.703703703703703	0.5185185185185182	65.56127355037015	24.87189937519069	0.59020061068353
1.703703703703703	0.6666666666666665	70.34762023205181	27.44652616525535	0.3124578766906023
1.703703703703703	0.8148148148148149	75.04009939757752	29.72701082255687	0.7169625193389134
1.703703703703703	0.9629629629629628	75.74272305280631	27.7986767028187	0.1264383308834922
1.703703703703703	1.111111111111111	75.87604004823068	25.06355766511797	0.3842227413792424
1.703703703703703	1.259259259259259	79.33439843002276	25.39878458744101	0.8821403685314684
1.703703703703703	1.407407407407407	82.73218989781866	25.40441918650174	0.4803670835106824
1.703703703703703	1.555555555555555	84.17933950099902	23.18103892488714	0.5562111380076955
1.703703703703703	1.703703703703703	82.01928723686379	17.07026505330667	0.4379273188642666
1.703703703703703	1.851851851851852	79.93162502244131	10.76018081264814	0.3876024417587068
1.703703703703703	2	77.42773544801874	3.783552549035974	0.4177670345768561
1.851851851851852	-2	35.12304806568127	12.75477303829109	0.1477524866094658
1.851851851851852	-1.851851851851852	36.09245842060572	13.04115750413271	0.1632402746811706
1.851851851851852	-1.703703703703704	37.10738366996681	13.3325183538816	0.06976881381426785
1.851851851851852	-1.555555555555556	38.08925245245492	13.54681757047346	0.1706485922489176
1.851851851851852	-1.407407407407407	39.08519809769503	13.72735057727603	0.1514223678848839
1.851851851851852	-1.259259259259259	40.71584669788309	14.49048983811773	0.1280363087359593
1.851851851851852	-1.111111111111111	42.77874825613681	15.62906655835365	0.1207854550267486
1.851851851851852	-0.962962962962963	44.13833988681272	16.00227929659087	0.04043212628232236
1.851851851851852	-0.8148148148148149	45.70787410139459	16.51756258315552	0.1861403941778163
1.851851851851852	-0.6666666666666667	47.69478510341364	17.3758889026563	0.2609743534374692
1.851851851851852	-0.5185185185185186	49.78993840069352	18.26095036294012	0.3953157704538983
1.851851851851852	-0.3703703703703705	51.78757205847786	18.95903026706532	0.5125554996483133
1.851851851851852	-0.2222222222222223	54.120762997094	19.89440118487019	0.2775152407231701
1.851851851851852	-0.07407407407407418	57.10980405930296	21.37764032212408	0.1772029500443918
1.851851851851852	0.07407407407407396	58.29719905546072	20.94057712694028	0.2526241603959433
1.851851851851852	0.2222222222222223	61.81293785380377	22.70154659984942	0.2903122222084022
1.851851851851852	0.3703703703703702	64.63636682731341	23.62727992574318	0.5486396506731439
1.851851851851852	0.5185185185185182	68.5236525869487	25.46045297316974	0.5787774475433708
1.851851851851852	0.6666666666666665	70.13668896089067	24.84877289433359	0.1924863310136965
1.851851851851852	0.8148148148148149	75.06776990289993	27.36996426958363	0.5771339727119508
1.851851851851852	0.9629629629629628	77.46759624184563	27.16026939251444	0.6114267590827859
1.851851851851852	1.111111111111111	77.20638508254947	24.07628272839349	0.4900843692306243
1.851851851851852	1.259259259259259	78.39611220518013	22.21819742267407	0.6383964092303244
1.851851851851852	1.407407407407407	81.04212945135882	21.58273430104031	0.4740108289328696
1.851851851851852	1.555555555555555	83.54834626575246	20.5699278569295	0.7970151572147224
1.851851851851852	1.703703703703703	83.66640589528087	16.93411070533783	0.4245954357444314
1.851851851851852	1.851851851851852	80.49562093996545	9.785667159154187	0.2381741409131784
1.851851851851852	2	78.51775338870175	3.627328511042222	0.5014593002599894
2	-2	36.60027677386476	12.63778779928657	0.1913342093724045
2	-1.851851851851852	37.66756502109143	12.98526117281869	0.07816175045831161
2	-1.703703703703704	38.41623141829323	12.97248470678198	0.1791824952226793
2	-1.555555555555556	39.57792879596207	13.32768642627318	0.2361509979965112
2	-1.407407407407407	40.80574949000327	13.70018812579461	0.1567831893748325
2	-1.259259259259259	42.75667000097398	14.74281264763823	0.1485183377940442
2	-1.111111111111111	44.58817894345756	15.60847124552878	0.231814719938428
2	-0.962962962962963	45.69177198474787	15.68361497839985	0.1687101593904484
2	-0.8148148148148149	47.3848368700483	16.28007378217665	0.335598523369802
2	-0.6666666666666667	49.31249156956922	17.03684725499159	0.3162156997328527
2	-0.5185185185185186	51.30175236698506	17.77422562344652	0.2768987060564947
2	-0.3703703703703705	53.20515163749726	18.337363203302	0.3120682517062231
2	-0.2222222222222223	55.48023909421777	19.17574197164252	0.3571279072821094
2	-0.07407407407407418	58.04088372868429	20.19444804707871	0.1656636758941493
2	0.07407407407407396	59.87503459068421	20.37192709641977	0.2658519292765856
2	0.2222222222222223	63.34832685895704	22.0636159643858	0.1823312727042314
2	0.3703703703703702	65.65862812549547	22.45655998239599	0.7748048513303556
2	0.5185185185185182	69.7918727219139	24.52538264585549	0.8824831476210471
2	0.6666666666666665	71.21119271825049	23.72163979625134	0.4681590410270137
2	0.8148148148148149	75.63263567570053	25.74987611186747	0.3804642193904456
2	0.9629629629629628	78.31246810365388	25.85541296341857	0.3046423770842415
2	1.111111111111111	78.81165969497695	23.58949106134082	0.3278128576399222
2	1.259259259259259	78.54876190152784	20.36300059934013	1.005897270894926
2	1.407407407407407	80.65978559018637	19.30740204699524	0.5722305491182111
2	1.555555555555555	81.59426663424675	16.87198886979971	0.7770845938218406
2	1.703703703703703	83.35724471585831	15.06712747572956	0.7717529318502269
2	1.851851851851852	82.6993711933447	10.65553634597144	0.2938881643700557
2	2	78.72790964372936	2.764153111655844	0.5939014660468643
