# Data file generated by gp_save.m
# F/Hz magnitude
0	-46.55609336048778
11.02224443889028	-49.55121410467785
22.04448887778056	-23.25437993805991
33.06673331667083	-12.9439167310874
44.08897775556111	-5.509011308006407
55.11122219445139	-1.669361382363036
66.13346663334167	-1.30992049785516
77.15571107223194	-2.764860459244161
88.17795551112222	-5.689285353139226
99.2001999500125	-3.734081273971981
110.2224443889028	-4.66398079729602
121.2446888277931	-7.258825832034077
132.2669332666833	-7.271600096214726
143.2891777055736	-7.413693843337725
154.3114221444639	-8.707156644185048
165.3336665833542	-7.229368652837195
176.3559110222444	-7.464028051254644
187.3781554611347	-7.9940716193112
198.400399900025	-8.022137539594368
209.4226443389153	-7.588529691015808
220.4448887778055	-8.706682672813884
231.4671332166958	-8.955541408840517
242.4893776555861	-8.888703721406017
253.5116220944764	-9.98457508091073
264.5338665333667	-10.37809579686581
275.5561109722569	-9.367678047512214
286.5783554111472	-10.29582552842368
297.6005998500375	-10.52087204105968
308.6228442889278	-5.642051865455471
319.6450887278181	-4.596252390030457
330.6673331667083	-5.801310215001024
341.6895776055986	-6.853558219496065
352.7118220444889	-7.194139017428043
363.7340664833791	-8.330256986123686
374.7563109222694	-10.9626636486105
385.7785553611597	-14.80563318091779
396.80079980005	-24.79211558333766
407.8230442389403	-26.04849399112194
418.8452886778305	-17.40372386425273
429.8675331167208	-14.23424624453261
440.8897775556111	-13.04078891889779
451.9120219945014	-12.35848739161879
462.9342664333917	-11.52795486936495
473.9565108722819	-11.21980878988765
484.9787553111722	-9.92327903875011
496.0009997500625	-8.368617353067279
507.0232441889528	-6.840961277571125
518.045488627843	-5.089658187351063
529.0677330667334	-3.817206860461084
540.0899775056236	-2.962274510455089
551.1122219445139	-2.435175934004064
562.1344663834042	-2.092577455093192
573.1567108222944	-2.687050132348674
584.1789552611847	-1.24247579553014
595.201199700075	-2.64856187832487
606.2234441389653	-3.999232152280172
617.2456885778555	-1.415447509294779
628.2679330167458	-0.2435401115156424
639.2901774556361	0.1308315680566494
650.3124218945263	-0.02683831264049275
661.3346663334166	-1.191160519461079
672.3569107723069	-3.054334314494852
683.3791552111971	-6.026598853190208
694.4013996500875	-8.845433907478494
705.4236440889778	-9.356257525175664
716.4458885278681	-7.742386719410504
727.4681329667583	-6.804791505335402
738.4903774056486	-5.821608981850957
749.5126218445389	-3.6506646142509
760.5348662834291	-1.926475116535983
771.5571107223194	-0.5215493964591076
782.5793551612097	0.1514693493218431
793.6015996001	0.7178138753429266
804.6238440389902	0.8210875042815928
815.6460884778805	0.9421138515544527
826.6683329167709	0.6564584107845519
837.690577355661	0.2522803724569087
848.7128217945514	0.4770118298285979
859.7350662334417	-0.1231533078063904
870.7573106723319	0.1148457289991853
881.7795551112222	-1.249095998599302
892.8017995501125	0.4292130100758413
903.8240439890028	0.5633424169959653
914.846288427893	-1.390472589490798
925.8685328667833	-4.126739897996444
936.8907773056736	-4.098199386052215
947.9130217445638	-2.965664699734845
958.9352661834541	-2.233317323204034
969.9575106223444	-2.391065771027527
980.9797550612346	-3.118065584328903
992.001999500125	-4.699872144243216
1003.024243939015	-6.924274322553288
1014.046488377906	-9.122140428767111
1025.068732816796	-11.45982951659256
1036.090977255686	-14.50914002810363
1047.113221694576	-17.29382877793634
1058.135466133467	-14.5616659485562
1069.157710572357	-11.58992288390523
1080.179955011247	-10.31955112843292
1091.202199450137	-9.440525051057051
1102.224443889028	-8.776183937741337
1113.246688327918	-9.191036633616548
1124.268932766808	-10.10359436807924
1135.291177205699	-9.375317998852154
1146.313421644589	-9.741393054013216
1157.335666083479	-9.533866076777869
1168.357910522369	-12.37589140318583
1179.38015496126	-9.350020898395599
1190.40239940015	-13.80678757155627
1201.42464383904	-18.21368466045581
1212.446888277931	-12.60249494972552
1223.469132716821	-11.48342750167561
1234.491377155711	-13.73292867352527
1245.513621594601	-19.52963130790289
1256.535866033492	-26.48935631539841
1267.558110472382	-21.38040926111694
1278.580354911272	-18.33197529624005
1289.602599350163	-18.38328512423509
1300.624843789053	-22.62405600249798
1311.647088227943	-35.28725422820219
1322.669332666833	-25.6017099049639
1333.691577105724	-17.70552127674335
1344.713821544614	-13.99278148889771
1355.736065983504	-10.93535700535385
1366.758310422394	-9.257845100002868
1377.780554861285	-7.911052247363727
1388.802799300175	-7.245569863325642
1399.825043739065	-6.654056064934593
1410.847288177956	-6.396309863820306
1421.869532616846	-5.988599498283065
1432.891777055736	-5.508319773366068
1443.914021494626	-6.156138556545955
1454.936265933517	-5.452599806142558
1465.958510372407	-6.898038219598206
1476.980754811297	-7.567860765997978
1488.002999250187	-6.33328356309201
1499.025243689078	-7.909586767757887
1510.047488127968	-10.91614961042268
1521.069732566858	-9.947833688226879
1532.091977005749	-8.511278590305835
1543.114221444639	-9.012272675455236
1554.136465883529	-11.79491734050573
1565.158710322419	-16.88323781238407
1576.18095476131	-22.63958592066496
1587.2031992002	-16.3736084199946
1598.22544363909	-11.43045275859429
1609.24768807798	-9.182216201921506
1620.269932516871	-8.691276091666552
1631.292176955761	-8.583447162841424
1642.314421394651	-9.347679862095504
1653.336665833542	-10.07199370509868
1664.358910272432	-11.60713148936848
1675.381154711322	-13.21869555646067
1686.403399150212	-13.50965711979073
1697.425643589103	-12.523782281172
1708.447888027993	-11.15025294712137
1719.470132466883	-10.2374455884238
1730.492376905774	-10.49197460629422
1741.514621344664	-9.153462985727231
1752.536865783554	-8.812166540689674
1763.559110222444	-8.045260334664277
1774.581354661335	-6.960459259780578
1785.603599100225	-8.383514489555509
1796.625843539115	-8.834650213311818
1807.648087978006	-6.884345636374576
1818.670332416896	-6.355719489302615
1829.692576855786	-7.053516209912573
1840.714821294676	-9.186257829557462
1851.737065733567	-10.40924514695867
1862.759310172457	-9.681397565124357
1873.781554611347	-9.011583351027042
1884.803799050237	-8.894256101449798
1895.826043489128	-9.607078040428803
1906.848287928018	-11.09308240807934
1917.870532366908	-13.92407514022891
1928.892776805799	-17.62184292542926
1939.915021244689	-21.38243770660549
1950.937265683579	-23.50754267587006
1961.959510122469	-19.35678972300448
1972.98175456136	-15.65697421902425
1984.00399900025	-14.14803178857944
1995.02624343914	-13.27361240622095
2006.048487878031	-14.01541719054876
2017.070732316921	-13.82245120870019
2028.092976755811	-14.61988298324728
2039.115221194701	-13.71803712900712
2050.137465633592	-18.88522571420394
2061.159710072482	-18.68038068102302
2072.181954511372	-19.31256666331424
2083.204198950262	-24.61317181733561
2094.226443389153	-35.92710769148688
2105.248687828043	-38.0745375261985
2116.270932266933	-27.76971086390589
2127.293176705823	-21.5666536138307
2138.315421144714	-18.84343183753451
2149.337665583604	-17.82438021835512
2160.359910022494	-18.88538726290479
2171.382154461385	-21.43328013866704
2182.404398900275	-25.62946646775691
2193.426643339165	-30.33720194710889
2204.448887778055	-23.98437490068991
2215.471132216946	-17.20726049971789
2226.493376655836	-13.48856642179064
2237.515621094726	-11.5501341326457
2248.537865533617	-9.82046962217099
2259.560109972507	-8.498092427737959
2270.582354411397	-7.787363277830963
2281.604598850287	-7.924735130588815
2292.626843289177	-8.00062028097534
2303.649087728068	-8.594510847325978
2314.671332166958	-8.64804484863852
2325.693576605849	-9.31054438334175
2336.715821044739	-9.638343719777609
2347.738065483629	-12.39528460556157
2358.760309922519	-10.29413255376396
2369.782554361409	-10.5892503611736
2380.8047988003	-10.77970864676584
2391.82704323919	-8.054500323765296
2402.849287678081	-7.015349159805794
2413.871532116971	-6.602647847546862
2424.893776555861	-6.635859830414276
2435.916020994751	-5.846093909676853
2446.938265433641	-5.296319533373293
2457.960509872532	-5.652375403695075
2468.982754311422	-7.485042262272344
2480.004998750313	-10.18076284806627
2491.027243189203	-11.23835741753712
2502.049487628093	-9.375551248256613
2513.071732066983	-7.318750907697705
2524.093976505873	-6.163393751021985
2535.116220944764	-6.166222416139405
2546.138465383654	-6.143735242711756
2557.160709822545	-5.965146093061392
2568.182954261435	-5.399695095577385
2579.205198700325	-3.88947417347255
2590.227443139215	-2.321826221899101
2601.249687578105	-0.9426986235505552
2612.271932016996	-0.08853642132069695
2623.294176455886	0.4471920372838838
2634.316420894776	0.4342938626441821
2645.338665333667	0.8792819034883479
2656.360909772557	-0.4284541294565116
2667.383154211447	-1.13908362543873
2678.405398650337	-0.8484812144040461
2689.427643089228	-1.661611099353195
2700.449887528118	-2.724642666566339
2711.472131967008	-2.216991664787869
2722.494376405898	-1.130397518036233
2733.516620844789	-0.7203003745327976
2744.538865283679	-0.962591311740141
2755.561109722569	-0.6819876334173784
2766.58335416146	0.2106810937003161
2777.60559860035	0.8641103553690925
2788.62784303924	0.7925272995411916
2799.65008747813	0.01132539313834968
2810.672331917021	-1.546186965518785
2821.694576355911	-3.939516731642328
2832.716820794801	-6.253904890235177
2843.739065233692	-7.021749612994199
2854.761309672582	-7.449833731022181
2865.783554111472	-7.59686117622681
2876.805798550362	-9.668550432657014
2887.828042989252	-12.76387972875334
2898.850287428143	-20.38477484706164
2909.872531867033	-14.62103504049574
2920.894776305924	-8.972218149782748
2931.917020744814	-6.775186966957435
2942.939265183704	-6.672201446235306
2953.961509622594	-4.147844328778604
2964.983754061484	-4.219275385275765
2976.005998500375	-6.434588894420941
2987.028242939265	-6.412449966903239
2998.050487378156	-5.82074150185565
3009.072731817046	-6.570440652157856
3020.094976255936	-8.998244324050958
3031.117220694826	-12.43611255862832
3042.139465133716	-14.69101639531627
3053.161709572607	-12.35565764078758
3064.183954011497	-8.433659852167267
3075.206198450388	-6.146947991630185
3086.228442889278	-5.497377261492659
3097.250687328168	-6.70585827841245
3108.272931767058	-8.261521371815505
3119.295176205948	-6.698783302070765
3130.317420644839	-2.452548261108063
3141.339665083729	0.6279953470457258
3152.361909522619	2.208431742013062
3163.38415396151	3.048472812857653
3174.4063984004	3.102619552398508
3185.42864283929	3.397172868275135
3196.45088727818	3.329360586561023
3207.473131717071	4.173467362601457
3218.495376155961	4.451129836318472
3229.517620594851	5.749809894876194
3240.539865033742	5.665093625292101
3251.562109472632	5.67772353621811
3262.584353911522	6.313214543690805
3273.606598350412	5.972217604000861
3284.628842789303	4.930376468211236
3295.651087228193	4.270696685504532
3306.673331667083	3.845570983405736
3317.695576105973	2.422853533234601
3328.717820544864	-0.02063200701677204
3339.740064983754	-0.5044419948391834
3350.762309422644	1.085262092434562
3361.784553861535	1.836029906696993
3372.806798300425	1.212009016170001
3383.829042739315	0.9011984732877778
3394.851287178205	2.372805092579
3405.873531617096	3.833938266123553
3416.895776055986	4.470200576424958
3427.918020494876	4.157573750521792
3438.940264933767	2.569272322438906
3449.962509372657	0.8497471921706392
3460.984753811547	0.0924344212891981
3472.006998250437	1.425733428624227
3483.029242689327	2.227318572887341
3494.051487128218	3.696646120203951
3505.073731567108	3.530492230713506
3516.095976005999	4.322643311469037
3527.118220444889	2.773098987365728
3538.140464883779	2.738672579605009
3549.162709322669	3.019965835718494
3560.184953761559	2.147259203690425
3571.20719820045	3.335454447218794
3582.22944263934	4.395631242044672
3593.251687078231	4.036916895855356
3604.273931517121	2.51386171234968
3615.296175956011	1.073920707362518
3626.318420394901	0.6817268059334936
3637.340664833791	-0.6162067160326359
3648.362909272682	-3.351012995761792
3659.385153711572	-6.724098817132912
3670.407398150463	-7.467450920033869
3681.429642589353	-6.806038666806131
3692.451887028243	-3.771443820053435
3703.474131467133	-0.7518419548804616
3714.496375906023	1.250656344119463
3725.518620344914	2.338251556468563
3736.540864783804	2.585356946613587
3747.563109222694	1.832260822232129
3758.585353661585	0.8400560600738771
3769.607598100475	1.51178964955696
3780.629842539365	2.059676591326024
3791.652086978255	3.993579867274974
3802.674331417146	4.473897747621365
3813.696575856036	5.07866613016445
3824.718820294926	4.957660287311697
3835.741064733817	3.115441562075475
3846.763309172707	2.633173524263768
3857.785553611597	2.457106574590654
3868.807798050487	1.197993700842503
3879.830042489378	1.619215419635793
3890.852286928268	2.756701493788313
3901.874531367158	2.142253163427554
3912.896775806048	-0.1240540198037081
3923.919020244939	-1.245416115171281
3934.941264683829	-0.6724142470106784
3945.963509122719	-1.741379867437288
3956.98575356161	-6.116574827694308
3968.0079980005	-4.945377053735569
3979.03024243939	-0.1968528150713524
3990.05248687828	1.972180458771902
4001.074731317171	2.790960414649049
4012.096975756061	3.676648065995721
4023.119220194951	4.524589044473416
4034.141464633842	5.653477228558216
4045.163709072732	5.9141469348736
4056.185953511622	6.571037676335706
4067.208197950512	5.933918493782215
4078.230442389402	5.44556987105247
4089.252686828293	3.087937486770187
4100.274931267183	2.534795694934274
4111.297175706073	1.468877833782017
4122.319420144964	2.361981656701488
4133.341664583854	3.870997234030654
4144.363909022744	3.022436805421549
4155.386153461634	1.949349145702257
4166.408397900525	1.753894843037841
4177.430642339415	0.268738449454716
4188.452886778306	-2.797649432389932
4199.475131217196	-3.431443727561657
4210.497375656086	-1.456099929303889
4221.519620094976	-1.853843391995838
4232.541864533867	-3.578701803208602
4243.564108972757	-4.280133842833408
4254.586353411647	-3.820160216370226
4265.608597850537	-5.313100383561121
4276.630842289428	-8.975180270263138
4287.653086728318	-11.90529539412809
4298.675331167208	-8.401893163067413
4309.697575606098	-6.422225206818396
4320.719820044988	-5.17781018205855
4331.742064483879	-4.338993869031697
4342.764308922769	-2.710571111231545
4353.78655336166	-1.227900259664949
4364.80879780055	-0.09139143594168786
4375.83104223944	-0.02104060284730735
4386.853286678331	-0.3573779476117522
4397.875531117221	-3.937038382805014
4408.897775556111	-6.427261391904665
4419.920019995001	-11.59033203619816
4430.942264433892	-18.58970767457494
4441.964508872782	-14.97321566379259
4452.986753311672	-17.8316028253132
4464.008997750562	-12.30805256472738
4475.031242189452	-10.9633540894838
4486.053486628343	-12.23285992447839
4497.075731067233	-8.045439419008815
4508.097975506123	-3.878434656182307
4519.120219945014	-2.67128930813422
4530.142464383904	-2.543677554426594
4541.164708822795	-1.965671971582168
4552.186953261685	-0.5069654606762413
4563.209197700575	0.1610017422905088
4574.231442139465	0.05700935147675068
4585.253686578355	-0.6045702026405309
4596.275931017246	-0.06827567066422091
4607.298175456136	0.8690054738626287
4618.320419895026	1.898816101553678
4629.342664333916	2.057330721051329
4640.364908772807	2.722602974956757
4651.387153211697	2.46518999452897
4662.409397650587	2.907348739918248
4673.431642089477	2.751934086650721
4684.453886528368	3.305792432152472
4695.476130967259	2.655719684640502
4706.498375406149	1.241933127817873
4717.520619845039	0.2229331004091932
4728.542864283929	-2.083898329901487
4739.565108722819	-4.636048147127667
4750.58735316171	-4.126535399739851
4761.6095976006	-4.087799041606985
4772.63184203949	-3.4283685891711
4783.65408647838	-2.463190710936786
4794.676330917271	-1.92211926917841
4805.698575356161	-2.985126249952316
4816.720819795051	-4.060094383130703
4827.743064233941	-3.850860359371154
4838.765308672831	-2.958871645596702
4849.787553111722	-3.249353899649506
4860.809797550613	-4.19591156082646
4871.832041989503	-4.549793829623994
4882.854286428393	-4.041537651853616
4893.876530867283	-3.99018881573727
4904.898775306174	-4.722986727033003
4915.921019745064	-6.541554010032655
4926.943264183954	-7.240995775807434
4937.965508622844	-7.661907757209136
4948.987753061735	-6.543671207031736
4960.009997500625	-6.910586355129894
4971.032241939515	-6.52629822998334
4982.054486378405	-8.104990492924955
4993.076730817295	-8.381729122203524
5004.098975256186	-6.856950822980536
5015.121219695076	-6.993534643047425
5026.143464133967	-6.211130840357015
5037.165708572857	-5.814951080604729
5048.187953011747	-7.148310503512334
5059.210197450638	-9.40854473385059
5070.232441889528	-10.98766215964262
5081.254686328418	-12.17795731795233
5092.276930767308	-13.27530971506926
5103.299175206198	-15.72133022630106
5114.321419645089	-19.19656053079885
5125.343664083979	-19.26092509557481
5136.365908522869	-15.44128561862962
5147.388152961759	-13.65300948604533
5158.41039740065	-13.869716892639
5169.43264183954	-14.85062794471433
5180.45488627843	-13.99524349106701
5191.477130717321	-12.18939506898843
5202.499375156211	-11.31483353105621
5213.521619595102	-11.92861188599038
5224.543864033992	-13.89897555940884
5235.566108472882	-14.91686719881815
5246.588352911772	-12.96915889522624
5257.610597350662	-12.02678807230497
5268.632841789553	-10.79127845292729
5279.655086228443	-10.88948565412245
5290.677330667333	-13.49293701250866
5301.699575106223	-11.80445947454707
5312.721819545114	-11.30796000372492
5323.744063984004	-11.64540325756528
5334.766308422894	-10.27788422741267
5345.788552861784	-11.61247287574108
5356.810797300674	-16.41463859431263
5367.833041739565	-18.03577390102687
5378.855286178456	-13.30864773545328
5389.877530617346	-10.49358558438244
5400.899775056236	-7.395106150974271
5411.922019495126	-4.940050750608606
5422.944263934017	-3.820177200764334
5433.966508372907	-3.973578170358266
5444.988752811797	-4.311827517585627
5456.010997250687	-3.863895133769176
5467.033241689577	-3.323625282396549
5478.055486128468	-3.511702048647564
5489.077730567358	-4.122410236828415
5500.099975006248	-4.841276171812495
5511.122219445138	-4.470952919279739
5522.144463884029	-4.189756380415588
5533.166708322919	-4.049139424139966
5544.18895276181	-5.082307443999753
5555.2111972007	-6.184528062043469
5566.23344163959	-7.17484161089574
5577.255686078481	-7.694172636436548
5588.277930517371	-5.746201682383102
5599.300174956261	-6.401517035202957
5610.322419395151	-7.40733533863407
5621.344663834041	-6.99064985897094
5632.366908272932	-8.1728997023734
5643.389152711822	-7.650948067199309
5654.411397150712	-5.739612097630129
5665.433641589602	-5.079485948416391
5676.455886028493	-6.126964536931439
5687.478130467383	-7.650291203269774
5698.500374906273	-9.325833789876015
5709.522619345164	-12.50804669061441
5720.544863784054	-21.87697087559039
5731.567108222945	-12.31847291001573
5742.589352661835	-7.642865897888356
5753.611597100725	-6.348448882377795
5764.633841539615	-6.494520358052426
5775.656085978505	-6.389307250931012
5786.678330417396	-5.497556377411925
5797.700574856286	-4.553017652180131
5808.722819295176	-4.846395722997855
5819.745063734066	-5.70680705767883
5830.767308172957	-6.35514578590832
5841.789552611847	-5.635794679372296
5852.811797050737	-4.929207811998054
5863.834041489627	-5.235940771976829
5874.856285928518	-4.408830895186355
5885.878530367409	-5.652804063212727
5896.900774806299	-8.714996289642556
5907.923019245189	-8.056164604515658
5918.945263684079	-9.21998402412251
5929.967508122969	-10.44090471078408
5940.98975256186	-8.948483958360043
5952.01199700075	-9.057766888772477
5963.03424143964	-11.53169599986515
5974.05648587853	-18.8053486024335
5985.07873031742	-21.77235665736706
5996.100974756311	-18.18192885842798
6007.123219195201	-17.42419316457912
6018.145463634091	-13.68476642324508
6029.167708072981	-10.00673770319096
6040.189952511872	-8.031150297540179
6051.212196950763	-7.468559383727381
6062.234441389653	-8.465726506787092
6073.256685828543	-10.30950517899477
6084.278930267433	-10.70045786822098
6095.301174706324	-11.31604232624566
6106.323419145214	-9.613703525439576
6117.345663584104	-11.50851512836914
6128.367908022994	-11.49554571875643
6139.390152461884	-17.8008194321467
6150.412396900775	-19.47962719691709
6161.434641339665	-23.23789466360097
6172.456885778555	-22.34075011947672
6183.479130217445	-15.43764420275501
6194.501374656336	-16.90877231084755
6205.523619095226	-20.83966565848587
6216.545863534117	-20.38618414815096
6227.568107973007	-14.87522059241932
6238.590352411897	-12.20881268098907
6249.612596850788	-12.36525392170627
6260.634841289678	-14.53462964159711
6271.657085728568	-11.34913729439748
6282.679330167458	-7.582842606450825
6293.701574606348	-5.859073928977381
6304.723819045239	-5.668193449946102
6315.746063484129	-4.994137652003275
6326.768307923019	-4.084258514376401
6337.790552361909	-4.34820141750096
6348.8127968008	-6.017474450172372
6359.83504123969	-10.36186086041158
6370.85728567858	-10.00283122308744
6381.87953011747	-8.167810430464215
6392.901774556361	-5.662558699865343
6403.924018995252	-5.734367109190615
6414.946263434142	-4.403969658118157
6425.968507873032	-3.737499728632727
6436.990752311922	-2.106981069036976
6448.012996750812	-2.392737372229846
6459.035241189703	-2.357998061606111
6470.057485628593	-2.671439450206563
6481.079730067483	-4.754007845656076
6492.101974506373	-3.781165502594561
6503.124218945263	-3.147934699189975
6514.146463384154	-4.029385163050421
6525.168707823044	-4.456307300334458
6536.190952261934	-5.380238957253937
6547.213196700824	-7.303631152430725
6558.235441139715	-9.759495262221947
6569.257685578606	-8.833570688876222
6580.279930017496	-8.287072697260101
6591.302174456386	-10.68120356283025
6602.324418895276	-14.11863670408627
6613.346663334167	-13.45505121529362
6624.368907773057	-13.1076226710055
6635.391152211947	-10.8116312018519
6646.413396650837	-7.718362100634565
6657.435641089727	-4.769107545499082
6668.457885528618	-4.850927736866097
6679.480129967508	-5.10852621750513
6690.502374406398	-8.163109090865106
6701.524618845288	-8.88858789355524
6712.546863284179	-10.48731770656795
6723.569107723069	-9.903091117432666
6734.59135216196	-12.63521804443451
6745.61359660085	-10.71502203385158
6756.63584103974	-9.480650902202129
6767.658085478631	-8.555745787717171
6778.680329917521	-6.431778838618257
6789.702574356411	-7.30739908197819
6800.724818795301	-9.323953120043882
6811.747063234191	-9.350615608300501
6822.769307673082	-10.24445184164327
6833.791552111972	-11.13694951058181
6844.813796550862	-11.409109252696
6855.836040989752	-11.57075439201536
6866.858285428643	-13.66711863441333
6877.880529867533	-18.36507578109176
6888.902774306423	-26.2068212610542
6899.925018745314	-28.52457372860329
6910.947263184204	-21.617598495582
6921.969507623095	-18.1438018113989
6932.991752061985	-16.16936055555522
6944.013996500875	-15.29230938960995
6955.036240939765	-10.90676457975398
6966.058485378655	-8.87493981118098
6977.080729817546	-7.432782848209285
6988.102974256436	-8.083946927777419
6999.125218695326	-9.655369736691938
7010.147463134216	-11.76527124224364
7021.169707573106	-12.93783563318868
7032.191952011997	-13.33219033053233
7043.214196450887	-16.60782314523829
7054.236440889777	-14.13444205383675
7065.258685328668	-13.93986399380265
7076.280929767559	-11.42704387250463
7087.303174206449	-9.043748222666196
7098.325418645339	-9.624065025436167
7109.347663084229	-10.64626652475096
7120.369907523119	-11.19172071189163
7131.39215196201	-11.82352306947445
7142.4143964009	-12.5035677518643
7153.43664083979	-11.81714014369
7164.45888527868	-11.69617499249554
7175.48112971757	-14.00508802949857
7186.503374156461	-15.41511611519626
7197.525618595351	-12.16636101632709
7208.547863034241	-10.2299380951101
7219.570107473131	-9.58128741692839
7230.592351912022	-9.083881551651274
7241.614596350913	-7.58684187929147
7252.636840789803	-7.926028128537865
7263.659085228693	-7.642406754679456
7274.681329667583	-7.371248202984702
7285.703574106474	-5.125177182114584
7296.725818545364	-4.127907466385992
7307.748062984254	-3.335990408573281
7318.770307423144	-3.810806809779564
7329.792551862034	-4.488097726626052
7340.814796300925	-4.469378605191622
7351.837040739815	-5.681632420312781
7362.859285178705	-6.206068863605708
7373.881529617595	-6.822156105382291
7384.903774056486	-8.697207550693022
7395.926018495376	-8.167521701910459
7406.948262934266	-7.08362429661419
7417.970507373157	-6.771318698282499
7428.992751812047	-6.790348311165175
7440.014996250938	-6.784968636012749
7451.037240689828	-7.664462241534054
7462.059485128718	-8.808080014753713
7473.081729567608	-8.484607392741466
7484.103974006498	-8.042197323241979
7495.126218445389	-9.227249543144751
7506.148462884279	-11.79190453065176
7517.170707323169	-12.65120498019571
7528.192951762059	-11.54730295583644
7539.215196200949	-12.31128139464495
7550.23744063984	-10.1195033593187
7561.25968507873	-9.195757062340292
7572.28192951762	-7.691476904661357
7583.304173956511	-9.032981271826955
7594.326418395402	-9.94564444390042
7605.348662834292	-10.4558303224857
7616.370907273182	-7.958759084467175
7627.393151712072	-6.496801799358877
7638.415396150962	-7.082787665915902
7649.437640589853	-6.325139049552732
7660.459885028743	-6.990517070356574
7671.482129467633	-8.563234214469219
7682.504373906523	-8.675780899543483
7693.526618345413	-10.06835767582957
7704.548862784304	-13.80188002151763
7715.571107223194	-19.70209200563838
7726.593351662084	-27.69345452949182
7737.615596100974	-34.01209919198479
7748.637840539865	-24.70858977574102
7759.660084978756	-23.99396066732713
7770.682329417646	-34.11323724076341
7781.704573856536	-20.5554737029267
7792.726818295426	-16.21289553706518
7803.749062734317	-16.91895525631169
7814.771307173207	-17.65747884025929
7825.793551612097	-16.45141405328539
7836.815796050987	-14.02010634104889
7847.838040489877	-12.69704198513813
7858.860284928768	-10.7068140710806
7869.882529367658	-8.533306686951477
7880.904773806548	-7.485862941676245
7891.927018245438	-7.866760500087921
7902.949262684329	-8.968024365505613
7913.971507123219	-10.49045238365889
7924.99375156211	-7.976102347922748
7936.015996001	-7.11458838659938
7947.03824043989	-6.979220686128684
7958.060484878781	-5.999620999623659
7969.082729317671	-7.230141983117392
7980.104973756561	-8.655790086177731
7991.127218195451	-8.478885634554203
8002.149462634341	-9.701737583558923
8013.171707073232	-12.56456893572954
8024.193951512122	-14.8009542634021
8035.216195951012	-14.87884572043122
8046.238440389902	-12.18271880813137
8057.260684828792	-9.164514565142596
8068.282929267683	-7.798621573169385
8079.305173706573	-8.01997842787469
8090.327418145464	-8.979043650572777
8101.349662584354	-7.551322081363381
8112.371907023245	-6.473581751611874
8123.394151462135	-6.36414456604227
8134.416395901025	-7.3132995660837
8145.438640339915	-7.17858963306972
8156.460884778805	-7.018038621015279
8167.483129217696	-7.370090728609867
8178.505373656586	-7.727189918261985
8189.527618095476	-6.474011661715963
8200.549862534366	-5.103773518397631
8211.572106973257	-4.115661440632209
8222.594351412146	-5.380033322177496
8233.616595851037	-6.975139586140656
8244.638840289928	-6.941932700035892
8255.661084728818	-7.99092528822672
8266.683329167709	-7.084193348648682
8277.705573606598	-6.477210589489147
8288.727818045489	-7.855699770680772
8299.75006248438	-8.632455117581671
8310.772306923269	-8.435994461913964
8321.79455136216	-9.351159685066222
8332.816795801049	-11.65463773239919
8343.83904023994	-15.19203721080274
8354.861284678831	-21.47408633416981
8365.88352911772	-22.91055153053989
8376.905773556611	-13.91272410218365
8387.9280179955	-12.02970462311823
8398.950262434391	-12.45027580335744
8409.972506873282	-13.59286407626142
8420.994751312172	-9.940942416789682
8432.016995751062	-9.193081418763285
8443.039240189952	-8.199154352919578
8454.061484628843	-8.929825943062255
8465.083729067734	-8.101440885098555
8476.105973506623	-8.454872229898513
8487.128217945514	-9.788472085524603
8498.150462384403	-11.80732887181074
8509.172706823294	-13.68788385339002
8520.194951262185	-8.578665874047857
8531.217195701074	-8.498009447142749
8542.239440139965	-9.454543443897109
8553.261684578856	-9.706198330602263
8564.283929017745	-13.43577909764153
8575.306173456636	-15.58103944572358
8586.328417895525	-13.28156802557658
8597.350662334416	-13.50823962534332
8608.372906773307	-14.55190450293574
8619.395151212197	-13.12366376068826
8630.417395651088	-12.24390891321919
8641.439640089977	-13.73480192319266
8652.461884528868	-16.23346845851891
8663.484128967759	-17.94380629595699
8674.506373406648	-15.68137344894728
8685.528617845539	-13.01200553547167
8696.550862284428	-11.20237489355674
8707.573106723319	-10.69406929232241
8718.59535116221	-11.59249922865577
8729.617595601099	-9.384732993079609
8740.63984003999	-8.662817920629863
8751.662084478879	-8.218300767091179
8762.68432891777	-9.485527527580203
8773.706573356661	-8.683206241127266
8784.728817795551	-8.599267665414558
8795.751062234442	-8.248227059112907
8806.773306673331	-10.16531514447311
8817.795551112222	-15.18157036701697
8828.817795551113	-10.52696022302521
8839.840039990002	-9.938321702991075
8850.862284428893	-10.05136723131147
8861.884528867784	-9.971339725460325
8872.906773306673	-14.08081345420538
8883.929017745564	-18.55692994958405
8894.951262184453	-15.09120779721036
8905.973506623344	-14.97272220591915
8916.995751062235	-14.88194768629519
8928.017995501124	-13.32878303621104
8939.040239940015	-12.47885428091899
8950.062484378905	-12.61580630592209
8961.084728817796	-12.65542129185091
8972.106973256687	-12.57278424207297
8983.129217695576	-16.43707999406496
8994.151462134467	-14.8412933748635
9005.173706573356	-9.812011948086393
9016.195951012247	-7.279499367772345
9027.218195451138	-6.147169474654461
9038.240439890027	-5.556916770433403
9049.262684328918	-4.855383697567504
9060.284928767807	-4.278372850851326
9071.307173206698	-4.559353103610107
9082.329417645589	-4.881288961864954
9093.351662084478	-5.498510017363884
9104.373906523369	-5.681042442070691
9115.396150962259	-5.450125038855873
9126.41839540115	-7.334884245201238
9137.440639840041	-10.39710291061949
9148.46288427893	-13.00343085722487
9159.485128717821	-17.8533365263022
9170.50737315671	-14.97063577485859
9181.529617595601	-12.79703256310404
9192.551862034492	-13.51522227290442
9203.574106473381	-15.89535255773723
9214.596350912272	-17.5653613873307
9225.618595351163	-18.62955172628281
9236.640839790052	-21.97135383058844
9247.663084228943	-26.73434671149053
9258.685328667832	-30.1968671575801
9269.707573106723	-31.5256551697309
9280.729817545614	-25.78185066996413
9291.752061984504	-21.91068066510637
9302.774306423395	-16.24234670875001
9313.796550862284	-13.44315367029763
9324.818795301175	-12.13333375304532
9335.841039740066	-11.50553342836247
9346.863284178955	-11.98107736241494
9357.885528617846	-11.40391452980492
9368.907773056735	-11.8779891525751
9379.930017495626	-12.63048329605466
9390.952261934517	-13.40844667584298
9401.974506373406	-15.24979698101342
9412.996750812297	-14.07733214543171
9424.018995251186	-15.15150583576217
9435.041239690077	-21.94479136908244
9446.063484128968	-36.92849588020684
9457.085728567858	-21.35869432849267
9468.107973006749	-15.26844439400182
9479.130217445638	-13.41858961575768
9490.152461884529	-13.88610628753392
9501.17470632342	-14.76713363603184
9512.196950762309	-14.79923878057973
9523.2191952012	-14.18296215310983
9534.241439640089	-14.00042672404545
9545.26368407898	-14.7680461191172
9556.285928517871	-13.81356890382115
9567.30817295676	-14.47690325961679
9578.330417395651	-13.65751428652101
9589.352661834542	-12.77204784158057
9600.374906273431	-11.17950251759123
9611.397150712322	-11.97243170139555
9622.419395151212	-12.44187883457116
9633.441639590103	-13.08898761112548
9644.463884028994	-12.36156173164191
9655.486128467883	-11.3002910366118
9666.508372906774	-10.46961804017658
9677.530617345663	-10.00442898256857
9688.552861784554	-9.479311299237821
9699.575106223445	-8.193660628015763
9710.597350662334	-7.935839942965245
9721.619595101225	-7.867067349005509
9732.641839540114	-7.05315233055741
9743.664083979005	-6.999122749144306
9754.686328417896	-7.250764450415261
9765.708572856785	-7.116806517299793
9776.730817295676	-8.069821056679558
9787.753061734566	-10.1488451323921
9798.775306173457	-12.08099615089411
9809.797550612348	-12.54154862026934
9820.819795051237	-13.0240893697689
9831.842039490128	-13.12966058860235
9842.864283929017	-11.84512963835381
9853.886528367908	-11.01443528849987
9864.908772806799	-10.74873342914012
9875.931017245688	-10.54307438957424
9886.953261684579	-9.485334334141328
9897.97550612347	-9.851878024040971
9908.997750562359	-9.95487121475972
9920.01999500125	-8.99728026027725
9931.042239440139	-7.354891697692153
9942.06448387903	-6.806072414391892
9953.086728317921	-7.056236960857603
9964.108972756811	-7.624601443208675
9975.131217195702	-8.415144131093541
9986.153461634591	-8.449053861057706
9997.175706073482	-9.204412108977422
10008.19795051237	-9.479965464595338
10019.22019495126	-8.65344792487376
10030.24243939015	-8.519057459223404
10041.26468382904	-9.010939502796958
10052.28692826793	-9.588097661120059
10063.30917270682	-10.18149723871795
10074.33141714571	-10.38702661173978
10085.3536615846	-9.748268361021644
10096.37590602349	-9.334034239569192
10107.39815046238	-9.725196523032764
10118.42039490128	-10.65511102955951
10129.44263934016	-12.30559319090382
10140.46488377906	-15.92465084718367
10151.48712821794	-18.71790309285001
10162.50937265684	-20.74248447202595
10173.53161709573	-22.37924632981489
10184.55386153462	-25.56215381406027
10195.57610597351	-21.76673813629321
10206.5983504124	-20.33614882281397
10217.62059485129	-21.76491371244241
10228.64283929018	-22.55445340711063
10239.66508372907	-20.33135809418134
10250.68732816796	-19.00501199661511
10261.70957260685	-17.30212553018063
10272.73181704574	-17.13975082527705
10283.75406148463	-17.67974237838817
10294.77630592352	-17.25228604496206
10305.79855036241	-19.42221841841409
10316.8207948013	-24.47906915394688
10327.84303924019	-30.4809069466245
10338.86528367908	-51.20651329428875
10349.88752811797	-31.28011949028333
10360.90977255686	-32.77537284684456
10371.93201699575	-30.60654243272427
10382.95426143464	-25.08067536752051
10393.97650587353	-21.70692131325515
10404.99875031242	-21.91552160583316
10416.02099475131	-23.75593014624236
10427.0432391902	-29.10028933457892
10438.06548362909	-29.40831714902892
10449.08772806798	-28.76949283763582
10460.10997250687	-25.38239722355208
10471.13221694576	-23.15649226677039
10482.15446138465	-23.08271468476924
10493.17670582354	-22.17293720844849
10504.19895026243	-21.34719777187803
10515.22119470132	-22.3841556519711
10526.24343914021	-23.16368584108703
10537.26568357911	-21.51502210429838
10548.287928018	-19.98324250304775
10559.31017245689	-18.56962430805724
10570.33241689578	-17.8311475386033
10581.35466133467	-18.59307487409038
10592.37690577356	-18.77363254659477
10603.39915021245	-19.95061674440632
10614.42139465134	-22.41427143337651
10625.44363909023	-22.21632737741187
10636.46588352912	-21.62719641473134
10647.48812796801	-20.7495184358845
10658.5103724069	-19.56645217965338
10669.53261684579	-19.4014849290634
10680.55486128468	-19.64252446780733
10691.57710572357	-19.09680580175701
10702.59935016246	-18.20035126524505
10713.62159460135	-17.28412012960796
10724.64383904024	-16.94246601738186
10735.66608347913	-17.28581133013185
10746.68832791802	-17.53913694037593
10757.71057235691	-17.15054359986209
10768.7328167958	-15.78213717114524
10779.75506123469	-14.75265745879709
10790.77730567358	-14.12314695872057
10801.79955011247	-13.71828251620221
10812.82179455136	-13.19266243783491
10823.84403899025	-12.80795425356588
10834.86628342914	-13.07160305765451
10845.88852786803	-13.42780511139819
10856.91077230692	-13.96793138474334
10867.93301674581	-14.33771705066178
10878.9552611847	-14.69718434514611
10889.97750562359	-14.47774033766679
10900.99975006248	-14.15626642006194
10912.02199450137	-14.53330253145202
10923.04423894027	-15.15349579727102
10934.06648337915	-15.71168773436941
10945.08872781805	-16.64683727742543
10956.11097225694	-17.3443035821476
10967.13321669583	-18.1159887458241
10978.15546113472	-19.14802958200063
10989.17770557361	-21.02325390484408
11000.1999500125	-22.21553712460775
11011.22219445139	-22.97499403757314
11022.24443889028	-23.68511643199921
11033.26668332917	-23.01918906996512
11044.28892776806	-22.98730031045274
11055.31117220695	-22.04072241174995
11066.33341664584	-23.85893425604011
11077.35566108473	-24.58790612553918
11088.37790552362	-24.4907356722379
11099.40014996251	-23.35716702997783
11110.4223944014	-23.47415121223639
11121.44463884029	-23.0217430915786
11132.46688327918	-21.03383042488974
11143.48912771807	-19.59472535456429
11154.51137215696	-18.4220823032592
11165.53361659585	-17.93416445253592
11176.55586103474	-17.29558507686738
11187.57810547363	-17.21000796659507
11198.60034991252	-16.9241318076478
11209.62259435141	-16.78193101057546
11220.6448387903	-17.09924946204352
11231.66708322919	-17.10952703465695
11242.68932766808	-17.22875139835529
11253.71157210697	-16.94935353477702
11264.73381654586	-17.26677959179825
11275.75606098475	-18.49620816996517
11286.77830542364	-19.36167622138805
11297.80054986254	-18.67768900659128
11308.82279430142	-17.93448290155629
11319.84503874032	-15.93512925835395
11330.8672831792	-14.11230178916284
11341.8895276181	-12.54057818472317
11352.91177205699	-11.0371898454211
11363.93401649588	-9.761706344679183
11374.95626093477	-8.703758707997423
11385.97850537366	-8.371023905281319
11397.00074981255	-8.55778947972702
11408.02299425144	-8.860020576573859
11419.04523869033	-9.003767799703525
11430.06748312922	-9.008772431472224
11441.08972756811	-8.955518361441392
11452.111972007	-8.895037155194132
11463.13421644589	-8.836487684841941
11474.15646088478	-8.946028096956894
11485.17870532367	-8.68530590019364
11496.20094976256	-8.900262046300668
11507.22319420145	-9.485992541475753
11518.24543864034	-10.23689666275138
11529.26768307923	-11.48405198163479
11540.28992751812	-12.68907278753002
11551.31217195701	-13.46283357174704
11562.3344163959	-13.99986217455053
11573.35666083479	-15.56650526502766
11584.37890527368	-17.91090986607628
11595.40114971257	-22.75241089667853
11606.42339415146	-30.15324071401835
11617.44563859035	-29.75027204752828
11628.46788302924	-27.16660921596332
11639.49012746813	-22.95019045730029
11650.51237190702	-20.58579525064287
11661.53461634591	-18.16228322409302
11672.5568607848	-16.3904760710719
11683.57910522369	-14.67905188355292
11694.60134966258	-13.90601464315041
11705.62359410147	-14.46945361148821
11716.64583854037	-15.80686322967563
11727.66808297925	-17.61619919962094
11738.69032741815	-19.85727787944546
11749.71257185704	-22.80607049645999
11760.73481629593	-21.54413640098868
11771.75706073482	-19.17780366720876
11782.77930517371	-16.11707409592285
11793.8015496126	-14.29126256244638
11804.82379405149	-14.25216237380616
11815.84603849038	-14.3675243446956
11826.86828292927	-14.66043732713649
11837.89052736816	-15.55070783878381
11848.91277180705	-15.78138535738648
11859.93501624594	-15.97950863769755
11870.95726068483	-15.74172750020138
11881.97950512372	-14.80529263765673
11893.00174956261	-13.96764658711629
11904.0239940015	-13.10295411095281
11915.04623844039	-11.50280217200341
11926.06848287928	-9.806783533109382
11937.09072731817	-8.656892661723091
11948.11297175706	-7.938520008673194
11959.13521619595	-7.208708098634418
11970.15746063484	-7.072135048878209
11981.17970507373	-6.828990882595093
11992.20194951262	-6.513289988046409
12003.22419395151	-6.020392032801055
12014.2464383904	-6.007226284884268
12025.26868282929	-7.092961760910711
12036.29092726818	-8.041710324170452
12047.31317170707	-8.920348227503325
12058.33541614596	-9.938701349040016
12069.35766058485	-11.28670295274017
12080.37990502374	-13.51014749739812
12091.40214946263	-14.50918967835541
12102.42439390153	-13.79024920973515
12113.44663834041	-13.48007804909948
12124.46888277931	-13.21313752997011
12135.4911272182	-13.31532884612847
12146.51337165709	-14.23522927465226
12157.53561609598	-14.17969859590696
12168.55786053487	-13.84935267181417
12179.58010497376	-13.41574197111598
12190.60234941265	-12.70486410556599
12201.62459385154	-12.06858049908469
12212.64683829043	-12.37320833291102
12223.66908272932	-11.66423734662206
12234.69132716821	-10.43093277608214
12245.7135716071	-9.066766394290795
12256.73581604599	-8.229192965298893
12267.75806048488	-7.64396238712493
12278.78030492377	-7.488995502643633
12289.80254936266	-7.948376543501212
12300.82479380155	-8.740003542853003
12311.84703824044	-9.22917104891873
12322.86928267933	-8.957366713580214
12333.89152711822	-9.218956832211973
12344.91377155711	-9.791681889899749
12355.936015996	-11.40948329535189
12366.95826043489	-13.57728171078625
12377.98050487378	-15.43071253050783
12389.00274931267	-19.11020703225368
12400.02499375156	-30.96541015408522
12411.04723819045	-29.10654465202978
12422.06948262934	-24.71916178503008
12433.09172706823	-24.15195528883957
12444.11397150712	-25.05684957879686
12455.13621594601	-27.26561300666255
12466.1584603849	-33.20624147340224
12477.18070482379	-33.14223183896182
12488.20294926268	-23.19052283830894
12499.22519370158	-17.90486628429407
12510.24743814046	-16.21748872353865
12521.26968257936	-15.9925205126895
12532.29192701824	-15.96821025191545
12543.31417145714	-13.96696703864205
12554.33641589603	-12.22028468801005
12565.35866033492	-11.01995308550642
12576.38090477381	-10.16420396479211
12587.4031492127	-10.11910337306409
12598.42539365159	-10.68536548999245
12609.44763809048	-11.2644580361447
12620.46988252937	-10.55627391698553
12631.49212696826	-10.47529188723934
12642.51437140715	-11.14008391265769
12653.53661584604	-12.47683170678867
12664.55886028493	-13.07636137189627
12675.58110472382	-11.78473981767533
12686.60334916271	-11.9545999532192
12697.6255936016	-11.67144487727828
12708.64783804049	-9.816654577861499
12719.67008247938	-8.415011647106624
12730.69232691827	-7.505571957062571
12741.71457135716	-6.778160357583118
12752.73681579605	-6.122551584169969
12763.75906023494	-5.719911367669681
12774.78130467383	-5.717408472124447
12785.80354911272	-5.94017312743226
12796.82579355161	-6.480493173126803
12807.8480379905	-6.436835577241752
12818.87028242939	-5.802868243428279
12829.89252686828	-5.131234271750714
12840.91477130717	-5.148941922151721
12851.93701574606	-5.350273244940013
12862.95926018495	-5.447068808749208
12873.98150462384	-5.680658947425599
12885.00374906273	-5.829246007697407
12896.02599350162	-5.727670152531772
12907.04823794051	-5.727239700476019
12918.07048237941	-6.497548870559214
12929.09272681829	-7.325311936739809
12940.11497125719	-8.042485828240274
12951.13721569608	-8.106499202803917
12962.15946013497	-8.158333814018278
12973.18170457386	-8.981220741499527
12984.20394901275	-9.539763167909285
12995.22619345164	-9.895479407587843
13006.24843789053	-11.07311825293263
13017.27068232942	-12.68326328269616
13028.29292676831	-13.93477265910677
13039.3151712072	-14.77673228090622
13050.33741564609	-13.9050728291913
13061.35966008498	-12.63927017232625
13072.38190452387	-11.30207511307049
13083.40414896276	-10.69735064075518
13094.42639340165	-10.25282709606677
13105.44863784054	-10.70498018957814
13116.47088227943	-12.01720091815743
13127.49312671832	-14.37093701701086
13138.51537115721	-15.05832085032081
13149.5376155961	-15.19226946045174
13160.55986003499	-16.03310321483163
13171.58210447388	-17.21103829935714
13182.60434891277	-18.1306393613478
13193.62659335166	-19.50188257687245
13204.64883779055	-19.99874165694263
13215.67108222944	-18.0422201161289
13226.69332666833	-17.75797683892171
13237.71557110722	-17.80229043625715
13248.73781554611	-20.20380961378065
13259.760059985	-24.32027201246595
13270.78230442389	-22.10139611193006
13281.80454886278	-22.77465685631455
13292.82679330167	-22.93361546386153
13303.84903774057	-21.18395362102547
13314.87128217945	-21.16572220556401
13325.89352661835	-22.89235177409546
13336.91577105724	-26.66873853969611
13347.93801549613	-43.10238586375274
13358.96025993502	-29.69516332984851
13369.98250437391	-22.10819262447929
13381.0047488128	-19.72449598232021
13392.02699325169	-17.24731026226051
13403.04923769058	-16.26018612813367
13414.07148212947	-15.35629598645306
13425.09372656836	-15.41663291927698
13436.11597100725	-16.97044305022803
13447.13821544614	-19.89030585361378
13458.16045988503	-22.39652055798931
13469.18270432392	-22.76805354114053
13480.20494876281	-22.83622258636962
13491.2271932017	-21.9185443809838
13502.24943764059	-24.22907491543171
13513.27168207948	-30.05589997380964
13524.29392651837	-31.87957597264227
13535.31617095726	-28.41647780697924
13546.33841539615	-25.17743115803717
13557.36065983504	-29.05805857319623
13568.38290427393	-38.9561662942811
13579.40514871282	-27.75637809155866
13590.42739315171	-25.33615788370554
13601.4496375906	-23.13686225424445
13612.47188202949	-21.09943656034298
13623.49412646838	-20.47855044358094
13634.51637090727	-19.37894214911108
13645.53861534616	-19.49708334687445
13656.56085978505	-19.87220633537351
13667.58310422394	-22.06245807550491
13678.60534866283	-21.8433117281299
13689.62759310172	-20.7241074110395
13700.64983754062	-19.39673574399555
13711.6720819795	-18.5509972279833
13722.6943264184	-16.69247727235928
13733.71657085729	-15.6412909290828
13744.73881529618	-16.07821919430364
13755.76105973507	-17.6364547604024
13766.78330417396	-19.04440597369785
13777.80554861285	-20.06836608063411
13788.82779305174	-21.63890710053752
13799.85003749063	-20.58469898660385
13810.87228192952	-21.25335443810391
13821.89452636841	-24.4672981851523
13832.9167708073	-28.4308651779036
13843.93901524619	-24.94978199560501
13854.96125968508	-18.76977152294748
13865.98350412397	-17.6405169899258
13877.00574856286	-18.99006538210054
13888.02799300175	-20.28054337171218
13899.05023744064	-19.76471740508983
13910.07248187953	-20.15804382357487
13921.09472631842	-19.8921825884247
13932.11697075731	-20.46493247241359
13943.1392151962	-19.55539049250761
13954.16145963509	-19.84811857116216
13965.18370407398	-18.66005645685919
13976.20594851287	-19.44510799353961
13987.22819295176	-20.53707340017191
13998.25043739065	-23.04700511874262
14009.27268182954	-25.27582065130693
14020.29492626843	-28.18079354180513
14031.31717070732	-48.19665024469901
14042.33941514621	-26.48491578498714
14053.3616595851	-20.65890127623368
14064.38390402399	-18.80284781401801
14075.40614846288	-18.82712043993699
14086.42839290177	-18.46887641254787
14097.45063734067	-19.60812578276575
14108.47288177955	-21.63860961677166
14119.49512621845	-21.08021234506052
14130.51737065734	-21.7899017104463
14141.53961509623	-20.82917003535488
14152.56185953512	-19.94804676237551
14163.58410397401	-22.34623779149234
14174.6063484129	-26.70649936692327
14185.62859285179	-29.33279264889464
14196.65083729068	-26.63750978189653
14207.67308172957	-27.47625745400809
14218.69532616846	-26.6588429576974
14229.71757060735	-29.60323553431657
14240.73981504624	-27.58764624820284
14251.76205948513	-28.07780761095808
14262.78430392402	-24.00947469621866
14273.80654836291	-21.72597726437168
14284.8287928018	-20.50690287152513
14295.85103724069	-21.03881048494043
14306.87328167958	-22.09868250787844
14317.89552611847	-21.6946960300418
14328.91777055736	-23.10874819460074
14339.94001499625	-26.93249058762493
14350.96225943514	-29.31154440158933
14361.98450387403	-21.17504009604134
14373.00674831292	-18.26234260816194
14384.02899275181	-16.66294565375298
14395.0512371907	-15.32934714368815
14406.07348162959	-16.63992034300725
14417.09572606848	-17.59770583204485
14428.11797050737	-18.88570534341099
14439.14021494626	-21.53072650784071
14450.16245938515	-18.75703991475662
14461.18470382404	-19.48655026491335
14472.20694826293	-24.18288277617498
14483.22919270183	-23.79222115106569
14494.25143714071	-19.62401985820912
14505.27368157961	-16.47164026766541
14516.2959260185	-15.43972688028578
14527.31817045739	-13.61126132380539
14538.34041489628	-13.19504097755413
14549.36265933517	-12.64404229600727
14560.38490377406	-12.60294454319191
14571.40714821295	-12.36058922323747
14582.42939265184	-12.21145364490209
14593.45163709073	-11.35920144218133
14604.47388152962	-10.23643115712331
14615.49612596851	-10.41707194716932
14626.5183704074	-10.3979830912013
14637.54061484629	-10.0282077338762
14648.56285928518	-9.652864216268284
14659.58510372407	-10.55696082514612
14670.60734816296	-12.05891770567048
14681.62959260185	-12.46929497952694
14692.65183704074	-13.51030913316345
14703.67408147963	-11.75145220151697
14714.69632591852	-10.81771609981567
14725.71857035741	-10.40424300267206
14736.7408147963	-9.776197907393282
14747.76305923519	-11.327641817808
14758.78530367408	-13.17051450034651
14769.80754811297	-12.56789585721904
14780.82979255186	-12.28141184035829
14791.85203699075	-14.21978161448007
14802.87428142964	-17.14323593516104
14813.89652586853	-20.7113560584279
14824.91877030742	-23.55491525234298
14835.94101474631	-22.60758990933196
14846.9632591852	-20.24479684186531
14857.98550362409	-17.08949227427627
14869.00774806298	-15.15124909458046
14880.02999250188	-13.62818992906293
14891.05223694076	-13.45759539046917
14902.07448137966	-14.44547135855133
14913.09672581854	-13.67714136857275
14924.11897025744	-13.03719847656581
14935.14121469633	-12.8230229654539
14946.16345913522	-13.25825437365624
14957.18570357411	-11.99459974555792
14968.207948013	-11.21557153728679
14979.23019245189	-11.90751208538983
14990.25243689078	-12.03319901793765
15001.27468132967	-14.53095240854508
15012.29692576856	-19.39909322176138
15023.31917020745	-23.64028898912073
15034.34141464634	-35.8871773455414
15045.36365908523	-23.28273707974523
15056.38590352412	-21.67996670751336
15067.40814796301	-24.44095730076344
15078.4303924019	-30.44126161544338
15089.45263684079	-30.56632610533816
15100.47488127968	-36.95046441837236
15111.49712571857	-24.70168260328674
15122.51937015746	-22.17281756555889
15133.54161459635	-18.56831192646641
15144.56385903524	-16.47035644061523
15155.58610347413	-14.47005799592648
15166.60834791302	-13.09935615663136
15177.63059235191	-12.05897078168121
15188.6528367908	-11.22017665027839
15199.67508122969	-11.96924369134565
15210.69732566858	-13.01181589003139
15221.71957010747	-13.29604742156229
15232.74181454636	-12.90747816633731
15243.76405898525	-13.24760676824602
15254.78630342414	-14.25749233725236
15265.80854786303	-13.03265697719138
15276.83079230192	-13.55070875306919
15287.85303674081	-13.51824435483179
15298.87528117971	-14.84791871942224
15309.89752561859	-18.87646375243608
15320.91977005749	-18.1117399180674
15331.94201449638	-17.19132945571772
15342.96425893527	-12.64439567539959
15353.98650337416	-9.949026846416103
15365.00874781305	-9.727759883611384
15376.03099225194	-10.46290465422153
15387.05323669083	-10.26597972733799
15398.07548112972	-8.956766716627143
15409.09772556861	-8.824605822224996
15420.1199700075	-9.127771553953181
15431.14221444639	-9.561598489063527
15442.16445888528	-9.910235668818146
15453.18670332417	-9.825010173869856
15464.20894776306	-9.266192744030221
15475.23119220195	-8.604002030890342
15486.25343664084	-8.216622670686064
15497.27568107973	-7.111479198575751
15508.29792551862	-6.54039513346639
15519.32016995751	-6.594445423002227
15530.3424143964	-7.249581903352507
15541.36465883529	-7.578025248838657
15552.38690327418	-7.492652677286245
15563.40914771307	-8.689417834725191
15574.43139215196	-9.163629205704865
15585.45363659085	-10.06296051446114
15596.47588102974	-10.42877257181317
15607.49812546863	-9.689506180212874
15618.52036990752	-10.8469129279423
15629.54261434641	-11.86407550204845
15640.5648587853	-13.55642099848365
15651.58710322419	-18.74451875796966
15662.60934766308	-28.70738397210201
15673.63159210197	-18.93646081306805
15684.65383654087	-16.09811221397273
15695.67608097975	-17.82736425266575
15706.69832541865	-16.31729791226081
15717.72056985754	-15.48076025725992
15728.74281429643	-14.35299907058183
15739.76505873532	-14.50549443530504
15750.78730317421	-15.29175462050311
15761.8095476131	-16.59927035982705
15772.83179205199	-19.00655194273241
15783.85403649088	-19.54029655702364
15794.87628092977	-22.4313386037722
15805.89852536866	-20.38176274151741
15816.92076980755	-17.21577893748281
15827.94301424644	-15.512035546696
15838.96525868533	-16.49095050013167
15849.98750312422	-17.08498817116723
15861.00974756311	-16.92370000140515
15872.031992002	-20.12819120546067
15883.05423644089	-21.8681283035715
15894.07648087978	-30.35669171893106
15905.09872531867	-25.89282183570263
15916.12096975756	-23.57783772444007
15927.14321419645	-21.95184417901484
15938.16545863534	-19.63392212903123
15949.18770307423	-20.6493797179792
15960.20994751312	-18.41187488383667
15971.23219195201	-13.08550269626042
15982.2544363909	-9.810305227047294
15993.27668082979	-9.018342676946219
16004.29892526868	-9.182372345988767
16015.32116970757	-8.962064359788826
16026.34341414646	-8.770186306179681
16037.36565858535	-8.532363176313936
16048.38790302424	-8.70343415451886
16059.41014746313	-8.856533818453002
16070.43239190202	-9.729750462007758
16081.45463634092	-10.41302506222024
16092.4768807798	-10.84323797809979
16103.4991252187	-11.69061645359989
16114.52136965758	-12.13576274186852
16125.54361409648	-11.03491379929503
16136.56585853537	-9.317402142517196
16147.58810297426	-9.549316025024069
16158.61034741315	-9.098492835291438
16169.63259185204	-9.174382425271986
16180.65483629093	-9.834786730933359
16191.67708072982	-9.825966831198627
16202.69932516871	-11.75082728300985
16213.7215696076	-13.61233141977252
16224.74381404649	-13.84382701652071
16235.76605848538	-14.19512042055679
16246.78830292427	-12.95256443593587
16257.81054736316	-10.95397828375964
16268.83279180205	-11.33343192637267
16279.85503624094	-13.66434809480511
16290.87728067983	-13.7295797999206
16301.89952511872	-11.06282175861102
16312.92176955761	-9.325117666253817
16323.9440139965	-8.434374053036876
16334.96625843539	-7.898155585632338
16345.98850287428	-7.40158497794495
16357.01074731317	-7.417220951363504
16368.03299175206	-7.063521735977432
16379.05523619095	-7.335551505438758
16390.07748062984	-8.006978399021406
16401.09972506873	-8.60286234053072
16412.12196950762	-9.264113500453433
16423.14421394651	-10.2483955411291
16434.1664583854	-13.76007297499348
16445.18870282429	-15.65534044650454
16456.21094726319	-16.6443242192164
16467.23319170207	-16.81583919031462
16478.25543614096	-15.37757440928183
16489.27768057986	-17.11984051628484
16500.29992501875	-15.20446025295827
16511.32216945764	-15.26731215837977
16522.34441389652	-17.43326177069426
16533.36665833542	-21.43266078771022
16544.38890277431	-21.54022464950938
16555.4111472132	-23.92075853224235
16566.43339165209	-20.17334727115383
16577.45563609098	-17.16099863304996
16588.47788052987	-20.83374401459351
16599.50012496876	-26.72498344750414
16610.52236940765	-22.93257770151004
16621.54461384654	-17.64712973091939
16632.56685828543	-15.62594253670451
16643.58910272432	-14.79861085954698
16654.61134716321	-14.32551512753435
16665.6335916021	-14.88824061132418
16676.65583604099	-14.28921648527498
16687.67808047988	-14.62750269312977
16698.70032491877	-15.93455060967172
16709.72256935766	-18.43298078335002
16720.74481379655	-19.47709896726195
16731.76705823544	-19.84252067323789
16742.78930267433	-25.37611109247011
16753.81154711322	-24.26767259032815
16764.83379155211	-18.48361142432624
16775.856035991	-14.66895330994268
16786.87828042989	-14.7874802771357
16797.90052486878	-13.39320195023951
16808.92276930767	-12.24635002347793
16819.94501374656	-12.48174808672792
16830.96725818545	-14.21494412047753
16841.98950262434	-13.29618889942833
16853.01174706324	-14.94233551895582
16864.03399150212	-16.02983839161843
16875.05623594101	-13.71029389171477
16886.0784803799	-10.14694804616126
16897.1007248188	-9.400603521875837
16908.12296925769	-10.0174789853294
16919.14521369657	-11.36289605422746
16930.16745813547	-11.78462356113657
16941.18970257436	-11.33301930729729
16952.21194701325	-10.4212386965706
16963.23419145214	-9.628812852178214
16974.25643589103	-9.754042663227267
16985.27868032992	-9.76653451280913
16996.30092476881	-9.741222162508038
17007.3231692077	-9.6444396046641
17018.34541364659	-10.91729073177765
17029.36765808548	-11.90990014484846
17040.38990252437	-11.37248403134542
17051.41214696326	-12.52213426572823
17062.43439140215	-13.72307757646425
17073.45663584104	-15.70943001589575
17084.47888027993	-23.2572524978569
17095.50112471882	-31.74466313199174
17106.52336915771	-38.60293686168907
17117.5456135966	-21.48242152443086
17128.56785803549	-16.98893939401843
17139.59010247438	-17.2439537244729
17150.61234691327	-16.00625829213809
17161.63459135216	-14.97799562073146
17172.65683579105	-13.98962909571054
17183.67908022994	-17.12610823177383
17194.70132466883	-24.64293839693764
17205.72356910772	-22.58546929923854
17216.74581354661	-17.14299681702884
17227.7680579855	-15.70440511515442
17238.79030242439	-16.02417719327987
17249.81254686328	-16.61594135731812
17260.83479130218	-18.79324529983063
17271.85703574106	-19.33280742130479
17282.87928017995	-19.40209255149492
17293.90152461885	-19.2149288976082
17304.92376905774	-20.62618007678535
17315.94601349662	-19.67168762860966
17326.96825793552	-17.34156139139863
17337.99050237441	-19.66316275042027
17349.0127468133	-19.73132063267612
17360.03499125219	-18.91960954800513
17371.05723569108	-18.38775661563
17382.07948012997	-15.24852130206467
17393.10172456886	-14.77742564887248
17404.12396900775	-15.80502014402241
17415.14621344664	-15.60898522541333
17426.16845788553	-14.10027385964798
17437.19070232442	-15.32294690688528
17448.21294676331	-15.75342540910543
17459.2351912022	-17.22336602381242
17470.25743564109	-15.65031983327532
17481.27968007998	-16.70327483842165
17492.30192451887	-20.72547249144446
17503.32416895776	-32.22263776837445
17514.34641339665	-26.20648376908271
17525.36865783554	-21.20025072994304
17536.39090227443	-20.68574458693965
17547.41314671332	-20.6422559786981
17558.43539115221	-23.59452753764317
17569.4576355911	-30.63025799000995
17580.47988002999	-46.6173878684516
17591.50212446888	-32.58764163235091
17602.52436890777	-35.57568844690772
17613.54661334666	-29.87466098174954
17624.56885778555	-25.15386152417589
17635.59110222444	-29.933896014751
17646.61334666333	-45.26254974009348
17657.63559110223	-40.60626187583165
17668.65783554111	-26.67707877802658
17679.68007998	-28.42952604519512
17690.7023244189	-44.1527986767494
17701.72456885779	-23.45969013568775
17712.74681329668	-21.51447187781677
17723.76905773557	-19.81615669538994
17734.79130217446	-16.2510148437411
17745.81354661335	-13.61934824151274
17756.83579105224	-12.41897942773456
17767.85803549113	-12.69243758196788
17778.88027993002	-11.4094956637709
17789.90252436891	-10.04983698716981
17800.9247688078	-9.630659288021022
17811.94701324669	-10.34164982601978
17822.96925768558	-12.70902183398792
17833.99150212447	-14.47630342286503
17845.01374656336	-15.62760301756231
17856.03599100225	-14.53579109412641
17867.05823544114	-13.53006974399207
17878.08047988003	-13.6659914378707
17889.10272431892	-14.75096892344914
17900.12496875781	-16.71660070620047
17911.1472131967	-15.98034226200286
17922.16945763559	-18.80562150659614
17933.19170207448	-21.33030838624811
17944.21394651337	-19.63410051245184
17955.23619095226	-20.41091643101601
17966.25843539115	-17.98253186376584
17977.28067983004	-19.16948433482851
17988.30292426893	-22.37827085168962
17999.32516870782	-18.08495611000592
18010.34741314671	-19.07092695605317
18021.3696575856	-20.20796752722825
18032.39190202449	-20.90961770428187
18043.41414646338	-19.87628438519997
18054.43639090228	-22.61670641837738
18065.45863534117	-38.18876892561047
18076.48087978005	-32.03576987196809
18087.50312421895	-33.39352588477664
18098.52536865784	-27.42138702068476
18109.54761309673	-18.30696361308381
18120.56985753561	-14.43686030046547
18131.59210197451	-13.19753602397122
18142.6143464134	-12.92840181307271
18153.63659085229	-13.82703427560756
18164.65883529118	-16.00521859520452
18175.68107973007	-18.24346460444806
18186.70332416896	-19.00358666292504
18197.72556860785	-17.4340098159264
18208.74781304674	-19.54033903591045
18219.77005748563	-19.07347621129767
18230.79230192452	-17.50546092950543
18241.81454636341	-20.12338700644108
18252.8367908023	-20.1812775462946
18263.85903524119	-22.8891324578463
18274.88127968008	-26.71618649158555
18285.90352411897	-24.77710046302782
18296.92576855786	-20.81958250562846
18307.94801299675	-24.36575299974947
18318.97025743564	-23.32420633140745
18329.99250187453	-23.79314335717488
18341.01474631342	-21.55185966846466
18352.03699075231	-24.41168652494555
18363.0592351912	-25.63121777622737
18374.08147963009	-19.74059598462605
18385.10372406898	-17.75463132473061
18396.12596850787	-17.70492933814012
18407.14821294676	-18.85738165557689
18418.17045738566	-15.96890754652915
18429.19270182454	-13.64609633299477
18440.21494626343	-12.64050264606652
18451.23719070233	-12.37289341604369
18462.25943514122	-13.45282835763457
18473.2816795801	-15.04750017909211
18484.30392401899	-18.48199200119198
18495.32616845789	-19.73331160842129
18506.34841289678	-19.76933699964314
18517.37065733566	-24.41565538634451
18528.39290177456	-22.96377706430275
18539.41514621345	-25.6183421355481
18550.43739065234	-26.64523204962816
18561.45963509123	-29.36071960305939
18572.48187953012	-35.35929955720029
18583.50412396901	-23.56555035051696
18594.5263684079	-23.18895296612767
18605.54861284679	-25.17423144868785
18616.57085728568	-24.40452656124684
18627.59310172457	-21.84353066740402
18638.61534616346	-22.2222121549474
18649.63759060235	-21.74017243642096
18660.65983504124	-19.02165930266887
18671.68207948013	-19.0680054245996
18682.70432391902	-20.84511224629469
18693.72656835791	-22.34782426177662
18704.7488127968	-19.83464010644902
18715.77105723569	-19.60418666226747
18726.79330167458	-21.76691288500581
18737.81554611347	-23.93700509807158
18748.83779055236	-21.97693691373294
18759.86003499125	-18.04962990516503
18770.88227943014	-16.19081153031166
18781.90452386903	-15.18805537279977
18792.92676830792	-16.40437814257602
18803.94901274681	-18.30639370808215
18814.97125718571	-18.21514187829897
18825.99350162459	-21.57226471068795
18837.01574606348	-23.50426500602478
18848.03799050237	-25.87763883287523
18859.06023494127	-26.62174571572297
18870.08247938015	-24.88022425555626
18881.10472381904	-24.84075303206922
18892.12696825794	-36.12814937310056
18903.14921269683	-34.20184111411523
18914.17145713572	-32.50004874318466
18925.19370157461	-35.78197259618702
18936.2159460135	-35.10119375489153
18947.23819045239	-32.69098455756698
18958.26043489128	-48.19132137245907
18969.28267933017	-30.85374352333444
18980.30492376906	-26.5702557924138
18991.32716820795	-25.43573090281276
19002.34941264684	-29.73646310258395
19013.37165708573	-29.61785214212989
19024.39390152462	-26.45405199463013
19035.41614596351	-26.40945243058327
19046.4383904024	-27.55348195229251
19057.46063484129	-34.12873331928762
19068.48287928018	-34.66587295366426
19079.50512371907	-26.05304956881804
19090.52736815796	-22.40301917579728
19101.54961259685	-23.45131009718216
19112.57185703574	-24.41787606214322
19123.59410147463	-22.9715641558242
19134.61634591352	-25.05529276935064
19145.63859035241	-25.99748201836891
19156.6608347913	-25.97888779993218
19167.68307923019	-25.46712332428955
19178.70532366908	-31.22123837578903
19189.72756810797	-25.63188139595087
19200.74981254686	-23.60811440794726
19211.77205698575	-22.13238552556064
19222.79430142464	-22.97137364817351
19233.81654586353	-23.07845809368612
19244.83879030242	-21.47440900837239
19255.86103474132	-22.32060981676989
19266.88327918021	-23.79753209706165
19277.90552361909	-22.90728998109381
19288.92776805799	-20.53283144208135
19299.95001249688	-20.67680933378543
19310.97225693577	-22.83920134980603
19321.99450137465	-23.47023805923914
19333.01674581355	-23.4049325723162
19344.03899025244	-22.77543011626142
19355.06123469133	-24.77891723374356
19366.08347913022	-28.69567322493853
19377.10572356911	-43.19550370124523
19388.127968008	-25.82467596511071
19399.15021244689	-21.33796239192087
19410.17245688578	-21.55149850529824
19421.19470132467	-20.04258792664659
19432.21694576356	-20.91571348574681
19443.23919020245	-22.35504828492624
19454.26143464134	-24.12293782572317
19465.28367908023	-25.4298852975204
19476.30592351912	-33.40717509462969
19487.32816795801	-28.28813638228368
19498.3504123969	-27.65800853558898
19509.37265683579	-29.94206529080543
19520.39490127468	-28.14403682844261
19531.41714571357	-24.35876198410467
19542.43939015246	-24.24868253571303
19553.46163459135	-22.4348087885125
19564.48387903024	-20.75604375133975
19575.50612346913	-20.15329122163693
19586.52836790802	-21.61170965940028
19597.55061234691	-22.87436690275469
19608.5728567858	-21.49862056167196
19619.5951012247	-20.99448840804828
19630.61734566358	-21.15876592242215
19641.63959010247	-22.83643892650147
19652.66183454137	-23.27426411527357
19663.68407898026	-23.11970643792935
19674.70632341914	-22.31238097001676
19685.72856785803	-20.55185893139891
19696.75081229693	-22.72629100418089
19707.77305673582	-26.91510013440092
19718.7953011747	-30.56963744727614
19729.8175456136	-44.83464327261993
19740.83979005249	-34.31850592634436
19751.86203449138	-30.22745781502019
19762.88427893027	-30.94944291699379
19773.90652336916	-25.57107880366429
19784.92876780805	-25.75228970664794
19795.95101224694	-26.20641922314371
19806.97325668583	-28.85776449594267
19817.99550112472	-29.52014157813667
19829.01774556361	-26.71747112459127
19840.0399900025	-27.36389593137845
19851.06223444139	-28.31677444816413
19862.08447888028	-27.55283737121641
19873.10672331917	-26.19507875034157
19884.12896775806	-26.65510530360656
19895.15121219695	-30.92606965805476
19906.17345663584	-39.09462753900596
19917.19570107473	-36.68062238496128
19928.21794551362	-34.78847545171078
19939.24018995251	-35.74647146274418
19950.2624343914	-38.21198197844751
19961.28467883029	-35.60827646345614
19972.30692326918	-30.34659688099678
19983.32916770807	-31.27874799593556
19994.35141214696	-43.61334174145225
20005.37365658585	-41.13064920645203
20016.39590102475	-55.93189084581246
20027.41814546363	-59.48497454487469
20038.44038990252	-62.82494694255823
20049.46263434141	-66.9476842490601
20060.48487878031	-67.65544732606841
20071.50712321919	-65.64965445159589
20082.52936765808	-68.22889116977279
20093.55161209698	-72.17630638837653
20104.57385653587	-70.68189239982502
20115.59610097476	-70.02176208748853
20126.61834541365	-73.29693559278809
20137.64058985254	-75.13575630060004
20148.66283429143	-71.48258808596012
20159.68507873032	-71.28872858082235
20170.70732316921	-79.98532000419794
20181.7295676081	-74.81632790077572
20192.75181204699	-70.50358238810281
20203.77405648588	-73.67984899118431
20214.79630092477	-84.3164249856776
20225.81854536366	-77.09883552247416
20236.84078980255	-73.36544427282578
20247.86303424144	-76.34895111806037
20258.88527868033	-84.87531425013483
20269.90752311922	-76.33092441443159
20280.92976755811	-76.86720001713073
20291.952011997	-80.31473869637034
20302.97425643589	-76.57768493515536
20313.99650087478	-75.25626164796387
20325.01874531367	-78.68251465535525
20336.04098975256	-79.54080428266531
20347.06323419145	-76.37302921430606
20358.08547863034	-79.75489441623012
20369.10772306923	-84.83876740055436
20380.12996750812	-75.26374857848413
20391.15221194701	-73.44917660969037
20402.1744563859	-78.1288391358008
20413.19670082479	-88.19656829564789
20424.21894526368	-76.48404281656485
20435.24118970257	-78.05438815559535
20446.26343414146	-80.94447938280624
20457.28567858036	-83.1420249268551
20468.30792301925	-77.9055316984863
20479.33016745813	-78.54796762152881
20490.35241189703	-87.70836066574745
20501.37465633592	-82.68111164726923
20512.39690077481	-77.56462534330564
20523.4191452137	-79.70046112156359
20534.44138965259	-91.98113350351014
20545.46363409148	-78.04149784882532
20556.48587853037	-77.0684325178415
20567.50812296926	-85.58895865851974
20578.53036740815	-90.4167066548068
20589.55261184704	-78.84906273342406
20600.57485628593	-79.75245158413696
20611.59710072482	-79.81574593318487
20622.61934516371	-84.33585967560617
20633.6415896026	-84.82884074613997
20644.66383404149	-80.88336687851915
20655.68607848038	-81.7734142523945
20666.70832291927	-89.5530057919907
20677.73056735816	-84.79764781955683
20688.75281179705	-77.4747538294593
20699.77505623594	-78.18789216769477
20710.79730067483	-82.16068902117502
20721.81954511372	-91.47937116652338
20732.84178955261	-78.72352213730494
20743.8640339915	-79.31075879308599
20754.88627843039	-87.02487351147028
20765.90852286928	-85.82697823341209
20776.93076730817	-83.50762310795409
20787.95301174706	-84.60597953171569
20798.97525618595	-85.56923653681508
20809.99750062484	-82.90638079889357
20821.01974506374	-85.31214512913888
20832.04198950262	-102.0634364825918
20843.06423394151	-83.10170221168815
20854.08647838041	-79.891774459467
20865.1087228193	-84.57031511531653
20876.13096725818	-89.5633672568822
20887.15321169708	-83.01320590205228
20898.17545613597	-80.1521233616005
20909.19770057486	-86.06890929788048
20920.21994501375	-83.97199641267221
20931.24218945264	-80.72472317475223
20942.26443389153	-81.79202653339314
20953.28667833042	-93.48765745022408
20964.30892276931	-81.0123519163285
20975.3311672082	-76.34605996500326
20986.35341164709	-82.96072994090582
20997.37565608598	-83.73858679071668
21008.39790052487	-79.41873463814304
21019.42014496376	-78.61075156821724
21030.44238940265	-83.59998107235074
21041.46463384154	-78.02780574051312
21052.48687828043	-74.54130633079109
21063.50912271932	-79.31703958151496
21074.53136715821	-91.02858285277148
21085.5536115971	-81.55475110148495
21096.57585603599	-80.0478933164664
21107.59810047488	-80.37451897210516
21118.62034491377	-96.51438282161547
21129.64258935266	-83.41066061294399
21140.66483379155	-80.4199729042777
21151.68707823044	-86.9630686309284
21162.70932266933	-85.27437182110481
21173.73156710822	-79.08799661560084
21184.75381154711	-81.98795394278102
21195.776055986	-93.67483830409253
21206.79830042489	-82.17407143218236
21217.82054486379	-80.39386463803601
21228.84278930267	-85.16114493936331
21239.86503374156	-87.65270624865406
21250.88727818046	-83.67021272535399
21261.90952261935	-84.56798774917672
21272.93176705823	-91.25395969713713
21283.95401149712	-83.84274782766403
21294.97625593602	-82.35186447629914
21305.99850037491	-84.65465991757415
21317.0207448138	-88.61436851996132
21328.04298925269	-83.47712872054106
21339.06523369158	-84.39880473152829
21350.08747813047	-90.21015072612923
21361.10972256936	-83.46635758825749
21372.13196700825	-79.74678058725806
21383.15421144714	-86.15776474638346
21394.17645588603	-90.55849391540875
21405.19870032492	-83.05152017150306
21416.22094476381	-81.45931818501498
21427.2431892027	-83.1930343373169
21438.26543364159	-96.92048116006757
21449.28767808048	-83.45972454532233
21460.30992251937	-80.36531252248167
21471.33216695826	-82.20260454351097
21482.35441139715	-87.02144335727672
21493.37665583604	-86.6472118046147
21504.39890027493	-83.40379426090405
21515.42114471382	-82.13133935803754
21526.44338915271	-89.89510644346404
21537.4656335916	-86.65413987017925
21548.48787803049	-83.54013230980613
21559.51012246938	-84.8245473538903
21570.53236690827	-87.73596949410569
21581.55461134716	-84.82779137319017
21592.57685578605	-82.95747745482259
21603.59910022494	-85.63069417520796
21614.62134466384	-90.93220906463733
21625.64358910272	-85.37160904131426
21636.66583354161	-83.04211855357244
21647.6880779805	-86.66590900651704
21658.7103224194	-86.10457728582176
21669.73256685829	-83.6999461148919
21680.75481129717	-85.37892733804961
21691.77705573607	-89.72078128756462
21702.79930017496	-84.94541572264211
21713.82154461385	-83.51115032583857
21724.84378905274	-83.63288937928618
21735.86603349163	-86.81038887224449
21746.88827793052	-85.20148954972925
21757.91052236941	-84.30329110850681
21768.9327668083	-86.35098446598579
21779.95501124719	-85.49477662153137
21790.97725568608	-85.02698243412937
21801.99950012497	-88.46680181749809
21813.02174456386	-87.29561675889744
21824.04398900275	-83.86806245811096
21835.06623344164	-84.37941839269061
21846.08847788053	-90.04319386003544
21857.11072231942	-85.15246213436157
21868.13296675831	-82.80051001002494
21879.1552111972	-84.32159772219381
21890.17745563609	-88.18446622118429
21901.19970007498	-86.36085615744034
21912.22194451387	-83.35660438572572
21923.24418895276	-86.26683434706416
21934.26643339165	-88.03697526457708
21945.28867783054	-84.04606364465837
21956.31092226943	-84.69975491419774
21967.33316670832	-87.2743790741149
21978.35541114721	-85.96232248228426
21989.3776555861	-84.16196636107469
22000.39990002499	-86.65348317865548
22011.42214446388	-87.14151375488228
22022.44438890278	-84.22687202444845
22033.46663334166	-84.24448829251469
22044.48887778055	-88.08445457050789
