# Data file generated by gp_save.m
# magnitude
0.000133115154135842
0.0001230764019693357
0.0001384755897913763
0.000121821607411765
0.0002094927828679929
0.0001173224085605453
0.0002283518024231178
8.600945000490257e-05
0.000206149086781398
0.0001169222206765895
0.0002065536426154386
0.0001805820870533295
0.0002074330850568515
0.0002281543905698099
0.0001613094421126283
0.0002326082644830867
0.0001417386371057482
0.0002546311135043302
0.0001157797056036138
0.0002166601963624525
0.0001209320359347112
0.0002056761261834967
0.0002065866935203961
0.000253802262685699
0.0002952290912874919
0.000212005982055131
0.0002629775639564271
0.0001014096863592255
0.0002055878367207802
6.21190705512114e-05
0.000196586288122249
0.0001280010305302896
0.0001831898294593189
0.0001689832081458305
0.0001361019831842042
0.0001765191458247172
0.000124353445033556
0.0002952104989876194
0.0002348288201055707
0.0003729160394701873
0.0002244289517225999
0.0003031693964753246
0.0001590613815255462
0.000132812615426322
5.985921602617603e-05
1.474399073679355e-06
4.194921153555782e-05
-3.304675123586597e-06
0.0001496240086759505
9.010562826806243e-05
0.0002586870155344103
0.000133967438327878
0.0002344299712536086
9.475257921556896e-05
7.750075812669289e-05
2.982492128027826e-05
-2.817129535218561e-05
3.968042246922062e-05
-4.464772326606583e-05
7.066224935471608e-05
-2.307364614649664e-05
0.0001416218322458809
6.101335169478718e-05
0.0001725666399245859
7.801949026963878e-05
6.240103819203961e-05
-2.350618705503554e-06
-6.016300930960599e-05
3.024486439650013e-05
-3.557722592248925e-05
0.0001240724740325966
5.159177562465389e-05
0.000220377506598875
0.0001212009102780228
0.0002173134528988414
0.0001460180919743195
0.0001950531015659195
0.0002082351021387779
0.0001598470331260892
0.0002151329075914094
3.958882258744629e-05
9.381381480939342e-05
-6.884363515071821e-05
3.688888855707586e-05
-6.161355842124845e-05
8.740235472115134e-05
8.672859118447811e-05
0.000202597219117696
0.0002870593977896626
0.0002603084592157371
0.0003478611151731457
0.0002131099070584252
0.0003077819229816209
0.0001192459235271894
0.000178624186284601
2.174407237642324e-05
8.300224705259923e-05
3.788122328526034e-05
7.875146605729019e-05
0.0001040051119105534
3.021366692102477e-05
9.184931209404055e-05
-3.361730988405575e-07
0.0001714504869215421
7.635232265532916e-05
0.0002455389329826102
0.0001470527373200297
0.0002248684772657394
0.0001208409436813643
6.889636952508326e-05
-2.539936762919731e-06
-0.0001706013729432345
-0.000107581690333639
-0.0002593047066081204
-9.651503663411651e-05
-0.0001827104037080256
1.248493072546099e-05
-4.945410231699479e-06
0.0001363445792523817
9.507529319533159e-05
2.96656411133468e-05
-2.804027948654052e-05
-0.0002169656717264868
-0.0001521464087384588
-0.0003141779577464932
-0.0001859126795083948
-0.0003015163615461697
-0.0001281767472143679
-0.0001537879514214893
1.4681032288186e-05
7.497855570041613e-05
0.0001031636158329577
0.0001104031443835798
-6.996490364755037e-05
-7.640022562481778e-05
-0.0003675223606072153
-0.0003529667659975202
-0.0005630904955790831
-0.0004129049169127628
-0.0004319448986355169
-0.0002332057726193371
-7.444177347051515e-05
0.0001128254654524668
0.0003505815350847429
0.0003463463235880767
0.0005069024386042392
0.0002525783073568064
0.0002064205507596227
-0.0001573585618069628
-0.0002545449851600363
-0.0005142730700279633
-0.0005623317869983986
-0.0005291666196584707
-0.0003843102964289634
-2.727763432061649e-05
0.0001676002418857042
0.0005774322863891111
0.0006182366201451929
0.000829597019041509
0.0006446497640852196
0.0006002936942370308
0.0002562541353116214
1.979910482094283e-05
-0.000244465232534925
-0.000435501571427194
-0.0003947139820702744
-0.0004291811139982428
-7.439930895821756e-05
2.808740241145446e-05
0.0004625604771149891
0.0004860852106171237
0.0006764937197705395
0.0005653987041834325
0.0004675597009328907
0.0003123843823471491
4.977346361325302e-05
-1.977466848921625e-05
-0.0003156212875250001
-0.0002631543661155174
-0.0004771198348186154
-0.0003322755080584591
-0.0004155562357070658
-0.00022915780593431
-0.0001369885666091273
4.709628322267549e-05
0.0002355333301680313
0.0003078788736110656
0.0005059704755905476
0.0003949046577822159
0.0004936458913906462
0.0001805284732023253
0.0001893504173643046
-5.841055664139691e-05
5.368738742404279e-07
-6.987514628489051e-05
-0.0001212549373961736
-0.0001965692364015976
-0.0004096143210236591
-0.0003820341116367293
-0.0005842704107796395
-0.000432622483432091
-0.0005985758889801927
-0.0003236574841987036
-0.0002192523551136992
0.0001268158425836836
0.0002727727835826808
0.0003477039880367665
0.0004373324438330269
0.0003342365653836031
0.0004060383678505624
0.0001225862504552809
9.228365114276839e-05
-0.0002989412219965957
-0.0003499162679598891
-0.0005882921993652505
-0.0005655695069406901
-0.0006038628778451147
-0.0005701030610353201
-0.0004187613577969025
-0.0002945994633451395
0.0001477044939738493
0.0003527969244119904
0.0008678621526643141
0.0008886849033445854
0.001057042728395159
0.0007386310720333744
0.0004785731886137412
2.332883529859364e-05
-0.0004681644997523849
-0.0008107749680619029
-0.001264180919444984
-0.001266127433974047
-0.001430552568201542
-0.001026999900933422
-0.0008257082009710971
-0.0002371990931589211
0.0001747548582653278
0.0007062485731425182
0.001084486207826642
0.001207510052385864
0.001201068966441315
0.0007581187383986134
0.0004196428060803234
-0.0003324135693753707
-0.0007309918857752055
-0.001330267965953847
-0.001403450776372007
-0.001435041199899817
-0.001025478902402403
-0.0005715757955060627
-0.0001416120660301194
0.0003857713861808846
0.0005663692329688267
0.0009507845442111783
0.0007850823477815878
0.0008676075749626654
0.0005113369156568158
0.0004553402274903454
0.0002080155721828559
0.0001097937816939261
3.29707980330048e-05
-9.006454549171785e-05
4.872099684022544e-05
-8.795468109301279e-05
9.430337499706634e-05
-0.0001788717931267682
-7.122499783414275e-05
-0.0001746187823489667
8.163560019911228e-05
0.0002148963454951317
0.0003797340308742759
0.0004636208922907391
0.0004375198431131506
0.0006063763359670012
0.0005022017366191214
0.0006969151163344826
0.0004696958772227256
0.0005845956803156867
0.0003181601498001382
0.0003293287181648683
9.864596549990079e-05
-2.943658829786937e-05
-0.0001502647247522185
-0.0003933598692514356
-0.0003253997347422388
-0.0005499039665626082
-0.0002843537824839287
-0.0003157194288452149
0.0001459999804089205
0.0002472676458700969
0.0005819114661221297
0.0006884311242315985
0.0007037387016296482
0.0006962576306181818
0.0003343110944574275
0.0001592845488168587
-0.0003782308722390818
-0.0005433893590440825
-0.001027346498491007
-0.001067454634886789
-0.001291639918923598
-0.001061589589127384
-0.0007709947807714785
-0.0003362630001126503
0.0001655028488413555
0.0004385911769494053
0.0008668775701619368
0.0008005555777045172
0.0009951632385178193
0.0005756020782122311
0.0004558134537480647
-3.835162956055169e-05
-0.0002518143755502211
-0.0004739848592138028
-0.0004780720749481707
-0.0001909239316080229
-0.0001009240220228322
0.0003357350797456734
0.0002595396676409097
0.0005775787931235892
0.0004383723062820137
0.0006407953471126548
0.0004938962728757584
0.0004487253753000045
0.0003066500551573352
0.0001390127290715197
0.0002348194576422361
0.0001309620419341664
0.0004491825360038768
0.0003636999931279062
0.0005839542142845709
0.0003311727712478761
0.0004616010723012262
0.0003369663784683375
0.0004716042133672868
0.0005857020153838645
0.0006792771735394951
0.0009879217406273235
0.001015426018289622
0.001297826392673433
0.0009136144081534506
0.000957861987267661
0.0006128641078941675
0.0008141589061834039
0.0008063743708446781
0.0009055133582428916
0.0009567990454549514
0.0008575307003566968
0.0009598224815969837
0.0006687211686260459
0.0007465368443185697
0.0002414759670789711
0.0001793593627702796
-0.0002386318738527595
-0.0003046395405239067
-0.0004299900859057838
-0.0003287642573715023
-0.0001094021470230832
6.671322913751469e-05
0.0005418366834830003
0.0006769026980012521
0.00109326337566909
0.0008597295853500643
0.0008480864124546829
0.0002768821822337645
2.351137440285647e-05
-0.00051273115270073
-0.0008364426513006636
-0.0009191276380072689
-0.0009243692093365342
-0.0003983938313641645
-0.0002136370002918452
0.0003718224274685027
0.0003465163444645499
0.0007107920187225168
0.0004359370595071579
0.0002923782741309159
-0.0002422245058428878
-0.0009208619351847591
-0.001384786119737571
-0.00187130819831474
-0.001754230952973939
-0.00170530907137466
-0.0008767963985442976
-0.0003655872044373087
0.000635574144062933
0.001138164609484774
0.001573649803645299
0.001457797094780472
0.000977483510092798
0.0003019980349057308
-0.0006439101811718014
-0.001212437493089152
-0.002037416074526279
-0.002015254017920143
-0.002137352579884611
-0.001402838812360679
-0.0007181162475445592
0.0004145004661859797
0.001251399612632166
0.001897062038197483
0.002351372959392199
0.002014666976351994
0.001760765373862745
0.0007340004129901908
0.0001669630025025643
-0.0008089894333472963
-0.001096543451983115
-0.00145932687639819
-0.001221760290111536
-0.0007603706153553372
-0.0002581886025838788
0.0005840447764463041
0.001016668705668823
0.001705187676019306
0.001750299629562234
0.00195475984709411
0.001344770158751549
0.001019750570511678
0.0002492423023202335
-0.0003012249243772023
-0.0007906334439136845
-0.001102220057743906
-0.0009269547088712742
-0.0007606765525031838
4.258886261530879e-05
0.0002608982848948435
0.001047838502367396
0.001092931342708681
0.001408401609263796
0.001220669768903998
0.001005339406489643
0.00063319860861278
0.0001270709179417462
-3.6734283759679e-05
-0.000587923244227212
-0.000329846726068372
-0.0004879645212766353
4.647284207402933e-05
0.0002098502982352829
0.0005944004852584835
0.0004997632821737804
0.0004426666375461788
0.0002737109021504656
-0.0002219900187414779
-0.0003710232465385529
-0.000869782346030862
-0.0006627997654103297
-0.0007395676643166221
-0.0002780541222971128
-0.0004233928555768315
-0.0001040096238283688
-8.732716835134637e-05
0.0001354077339487713
0.0004834857468453024
0.0004700434740427254
0.0006878055403928324
0.0003671070111083339
0.0005616118034792146
7.419069840670768e-05
0.0002220893591562272
-0.0003500309683210028
-0.0005816124455883794
-0.0007829787419540023
-0.0007877050914508722
-0.0005903923006892004
-0.0006750531401258309
-0.000412265732967535
-0.0007663050873284723
-0.0003923031989743704
-0.0007174143783299324
-0.0005866458834478621
-0.00084348339384049
-0.0008117561177893528
-0.0008698163754210003
-0.0008225822664469245
-0.0007385476606817014
-0.0008099022206753414
-4.544304426279072e-06
0.00037513641708487
0.001268936173278189
0.001206582113933272
0.001135318517529358
0.000230594331090341
-0.0003786219348840344
-0.001281231874630575
-0.002047610053587836
-0.00227514060254588
-0.002735047759465787
-0.002142259992195141
-0.001653042439749724
-0.0002169132162849208
0.0006408191262214777
0.001920141181329274
0.002180148408795727
0.002161359062720834
0.001697327105448913
0.0006655547974402911
-0.0001472668248765857
-0.001378459715191983
-0.002002082452213387
-0.002860774175752391
-0.002435539166153063
-0.002163084046037789
-0.0009000829770984492
0.0001250688747727865
0.001056205095569474
0.001758892042871576
0.00224739068032732
0.002632526931698809
0.002214988073568604
0.002089500902810829
0.000834144198319484
0.0003545707021707416
-0.0006137797260934335
-0.001041272696036796
-0.001668211441960859
-0.0017095308111913
-0.001544903151194067
-0.001245352694646342
-0.0003124809127411725
-9.745506084051792e-05
0.0008429881681315077
0.0009059526319029578
0.001410239757538947
0.001289753975993439
0.001558427035797229
0.001088802607328537
0.0007194020990553378
0.0003780363131818562
-0.0005881311116702671
-0.0008705670725508036
-0.001412406257248595
-0.001144915725234777
-0.001257902117804448
-0.0005856310100883161
-0.0007787174094044246
-0.000553017249203504
-0.0009113541403891063
-0.001392860435223605
-0.001485478067938574
-0.001727917506390274
-0.001362769736935825
-0.00115219950304152
0.0001466181627043632
0.0005981827094418354
0.001849475550331402
0.001938023941574243
0.001545259405710028
0.0002375331649049422
-0.001657226352811331
-0.003668150491175552
-0.005661941642746048
-0.006351979450170049
-0.007032213497113946
-0.005551862984334034
-0.003824139490282451
-0.0009524015665558505
0.001532388483250033
0.003749069435588391
0.004498483151276308
0.004008681862909268
0.002397888912796065
-0.0007503524287537546
-0.003266880750272207
-0.00612891317875115
-0.007322576117566148
-0.007773793848839702
-0.006194400609573528
-0.00438850585341728
-0.001434462523712649
0.001199016698094399
0.002936646840501596
0.004384967951635855
0.004202162433781809
0.003671188213335151
0.001852491665256564
0.0006584747983083117
-0.001337017397515177
-0.001669159237918253
-0.001857473113760104
-0.001316195240621527
-0.0002338347634545035
0.0005830204995178482
0.001476745915211673
0.001588591521380264
0.00206516547066981
0.001125800733743639
0.001231029363533879
0.0003916115521896653
0.000283977816701213
0.0003788093838690531
0.0008371452620157204
0.001326217252040647
0.002082759998016533
0.003136401209272059
0.002948980907954306
0.003622889375903481
0.002843212923220211
0.002457107698743387
0.001288208407913086
0.0005935351089779443
-0.0006119475608484694
-0.0009262318430514618
-0.000874203806026472
-0.0009108249549487204
0.0003144055703468653
0.0006095539816107413
0.001774605316763504
0.00222321499088129
0.00310519679952998
0.002426817537976502
0.002279309959244328
0.001193526563510437
3.583334100399324e-05
-0.0004643695578242085
-0.001901693336499284
-0.002768112525967541
-0.003738249905164618
-0.003380913418309803
-0.003609321324793426
-0.001913234275120335
-0.001081142984635818
0.000253754299129042
0.001583949124430155
0.002206202732785727
0.002303255559916175
0.001513212107658395
0.000602630980417247
-0.001464320933126472
-0.001686795756109487
-0.003289935301916918
-0.003719035008995044
-0.003932607397942509
-0.003435804130487454
-0.002767455457650385
-0.001415842868140261
-0.0003896772880797114
-0.0004798420406775451
0.0008104523504452874
0.0001878783165322916
0.0003895088376821017
-0.0003195520192255226
-0.0008739325343801483
-0.002232314797031332
-0.002376043806569182
-0.003159311511842028
-0.003953895298549927
-0.003363381944374964
-0.003953977425206683
-0.002862921465292106
-0.002133723258222594
-0.0009819236249715138
-0.000896722843304958
0.0006352694153286604
0.0003498504451735555
0.0001541829861418861
-6.013056769880722e-05
-0.001606419317936271
-0.001883192653989219
-0.00224997652393649
-0.002145237806761464
-0.00280794659479563
-0.001438056074883111
-0.001849076519016113
-0.0006982256498940821
9.101417620692967e-05
1.062770323403152e-05
0.0003927839454983857
0.0007974385964965914
0.001283578895360371
0.00139832877879908
0.003082627742103091
0.002055030467519378
0.003203153455350222
0.003603481783696154
0.003502961256079247
0.002869741821586756
0.002433468162785502
0.001545078147152564
0.001333687441282301
0.002573969120205446
0.001246817218099664
0.002423451711183172
0.002645427065369433
0.003261069566874709
0.003379490638527317
0.004309100372339159
0.003367378877747406
0.003104150471388456
0.00342318619842955
0.001823610567609106
0.002049558314029966
0.0004457833306096283
-0.0002908268207683378
-0.0007349381373396648
0.0008835836503618502
0.0003292775356508807
0.001342415390685951
0.001835293905084738
0.00118233225164175
0.001444794147349286
-0.0009624214601424476
-0.003349088507625755
-0.005607662047674817
-0.005578307515989501
-0.007297834996098413
-0.005462968294523165
-0.004507537734636683
-0.003200482761147136
-0.0006117489809416101
0.0004742527991422558
1.294019503688035e-05
-0.002035051310159955
-0.003552874761571741
-0.007458080493505968
-0.007297524536258476
-0.008701061070052063
-0.008571805844619751
-0.006807179510909012
-0.002969276708805404
0.0005860683394694115
0.00255865441652371
0.00331314311344513
0.001538684540910709
0.002955597945729765
0.0009741538817818695
-4.689077408280911e-05
-0.001732057416571444
-0.001439477564312556
-0.0009224384439701887
0.001468120411527232
0.002571003774138086
0.001153254355704208
0.002542680751968768
0.002606035838764437
0.005797179285684526
0.006717298892633899
0.006354689453488055
0.002590001240461864
0.003402701180862075
0.003343932227389679
6.21717351867808e-05
-0.002286063128198458
-0.003666354297264274
-0.001111599723044266
0.0004358510347916706
0.003419185064176599
-0.0003394010071960243
-0.002123847390835073
-0.001819860017975499
0.001189381819620112
0.0002222961552514756
-0.002984199729619428
-0.002162558622443517
-0.001929110561390341
-0.0004777727548159424
-0.002479798905844223
-0.004623207851921759
-0.01460932778692418
-0.01540895299703993
-0.007677018560490147
-0.002827782080753532
-0.0056042223384394
-0.003342646014066712
0.009274303472755745
0.01903333400019153
0.02671024196723479
0.01992006679705545
0.009004678656796734
-0.002089722304443185
-0.002004576206793424
-0.001854256656036983
-0.003827765555715195
-0.007064735606971323
-0.003864411411365614
0.0248391395300491
0.04660096496846076
0.0347714030151243
0.007660229865978693
0.01854369512814781
0.03501506733450006
0.02752016533812046
0.01203586368178242
0.004090510068832934
-0.01089489379312938
-0.009676230345219907
0.04368442507404284
0.06233715907326462
0.0003820757062753824
-0.04280174463391556
0.01086739453910314
0.0301589760532329
-0.01926316399416112
-0.05209469818755096
-0.006851427536605872
0.05403958297776585
0.03183975874612336
-0.08752916076489617
-0.2050655619846925
-0.1836360433034318
-0.1445579067186665
0.03161022410520676
0.06777324717560691
-0.1501853617465731
-0.06613697929874231
0.1804017927040863
0.1279575771240055
-0.2900658612743354
-0.4186088951863314
-0.3631552072096889
-0.4982788293713755
-0.4280880846372295
-0.154900922690517
0.1128289558195817
0.0691496142508037
0.1950451571156288
0.6800637259770829
0.5555209934795418
-0.2095205377453084
-0.3989803228882781
-0.2778342271709653
-0.6538551285903198
-0.4146913564385578
-0.2763942474627301
-0.4918144089629115
0.17155289431681
0.5982071469711986
0.8388601200459492
0.9999999999999726
0.465285841450516
0.1675240379393472
-0.05790273737908323
-0.3225422104565949
0.003536558134549604
0.1880458994933882
0.1272195766562728
0.2264157283630717
0.08552139818903823
0.02041605158288268
0.2276338177352754
0.2916484480083442
0.2118385447986042
0.08242106720474521
0.07893586313644868
0.1941901731935542
0.0427260791865171
-0.06926337633835035
-0.007301630137126568
-0.1074107049816373
-0.02202800141962374
0.05551453714605299
-0.01024395703041792
0.09223698626789516
0.2107838799217703
0.09569760940313297
-0.1869485356962809
-0.2036257189103881
-0.1310407507135475
-0.1785459705446532
-0.1360473043159993
0.0535703364683467
0.1385150010494374
0.02499409955490797
-0.06316592222270902
0.0007224467948779529
0.03217604080055948
-0.06528782728264025
0.0822795616200622
-0.04500327258475249
-0.2287093229036518
0.05883973070959071
0.1078727353706721
-0.2736799193867061
-0.4985734905502434
-0.04602410019824498
-0.01719718423586404
-0.2495324299357818
-0.1742277176429248
-0.3395205472314357
0.05815026581321191
0.4283842536653628
0.5457161780611544
0.8903405781700313
0.5743794800832801
0.1686156632615551
-0.006140636073849418
-0.4852986683166403
-0.499514748245652
-0.1483833108819553
-0.04095213479640204
0.09018142104486876
0.1253971311077077
0.1614624392273568
0.3119933183743523
0.3370448526910804
0.1842766605257204
-0.01479715289202292
-0.09994320594341091
0.01075668663895694
0.02099877216900081
-0.190154996082938
-0.1027836360444241
-0.01820942486874444
-0.09733894451643148
-0.07880497828438872
-0.01681499865785044
0.06461580657301923
0.02263470604255869
0.08909255878292825
0.168865393944286
0.1106852734808415
0.05339066705250266
-0.02398067000268238
-0.05688237766422993
-0.1075234015183296
-0.1154628956487189
-0.01981235490562974
-0.01004747881630423
-0.003533342497594087
0.05788426025165699
0.02841038303707318
0.01663434869476126
-0.002533167424404719
-0.02786487855476703
-0.0164847863649857
-0.02314935296014091
-0.02034910441449824
-0.003715687570124722
0.03497516973659664
0.005948277156696059
-0.00999455595124577
-0.004776877900704964
-0.02190926829303225
-0.02880141118077432
-0.05020546147381139
-0.03893794145690962
-0.001390251565199237
0.03219177326320225
0.004345510530865724
-0.04030064955939616
-0.03715187644561398
0.004232903166169293
0.01365395926978133
-0.02808160455069451
-0.0558148680507919
-0.03647283824315758
0.0006094978141636786
-0.01611066481758753
-0.05883496264462516
-0.07274786819401305
-0.06018767918394202
-0.01003368819272692
0.03491702699369306
-0.06552993870536662
-0.1449310078093136
-0.05456600587330424
0.09726860866279913
0.04811037790361448
-0.1117018704480877
-0.173912116521824
-0.2619543981136931
-0.1973239455044636
-0.1805734585001914
-0.06165715821463896
0.02475956934641457
-0.06855875301429915
0.1658857021825264
0.2083521358502152
-0.002672801766958576
-0.3203734418644662
-0.2689613384364113
-0.0633484708531836
-0.3191855855676085
-0.2114588760306822
-0.2221510140525094
-0.2184549225734589
0.2039411221036458
0.3146730974799367
0.5135087502496651
0.5188316547989299
0.1409674635109053
0.03680396675147325
-0.1663294252412072
-0.361953559513889
-0.1765753506444239
-0.06573096907988334
-0.004594961929602653
0.09359897977428171
0.1174689389137606
0.1724091623642957
0.2036458395719083
0.1130208681669466
0.01490858020079431
-0.01744387703923155
-0.05110052435754703
-0.04732760839348788
-0.05412754195035835
-0.03136292244127728
-0.01652721177059057
-0.04967060502819864
-0.01842331049354561
-0.00897002548801501
0.01813932799931629
0.0331466329304002
-0.007531308800439626
-0.006507350472779384
-0.009000744784107362
-0.0275254543607406
-0.03355750266657603
-0.04249288629895406
-0.03742413180390122
-0.01255646679674612
-0.01157343451694462
-0.03143191282376361
-0.03317427095162052
-0.01317305363917572
-0.00609775221719157
-0.03581500453991907
-0.06708791624531035
-0.0738721367115845
-0.04561982823035406
-0.004639779539700031
-0.02241577754687999
-0.05710022712324277
-0.0503156656876786
0.002623857970985109
-0.002803417518254627
-0.08931079255112961
-0.07789325568224796
-0.04405656509173398
-0.06084140683965416
-0.06693413674544255
-0.03160758815393933
-0.01023130748776497
-0.02836782129587574
0.04038604983683104
0.07512885942864028
0.04573385269079649
0.03426699485615917
-0.008536208764155841
-0.03222230225635005
-0.0548398812900011
-0.06971486526581989
-0.03886571419617303
-0.02296661379695731
-0.00705943877819179
0.01626087701004188
0.02562266216806789
0.03439242204966351
0.02258252503729025
0.01426123683823244
0.006357382972501699
-0.0124435904218859
-0.01337511287902882
-0.01613013918070241
-0.01283939379158941
-0.00491348376581848
-0.003905657707892497
-0.0001479696526118663
0.001251552820154273
-0.006741695110481462
-0.0257028460018487
-0.01474582319047805
0.001112933353737719
-0.00861594276456863
-0.01620386944933667
-0.02408673117200281
-0.01186701597376807
-0.01445882645573954
-0.0178472922635964
-0.01279446657555824
-0.01225653797014621
0.003096652372032621
0.004715052731395444
-0.01266239549010649
-0.05222732086813324
-0.04562301260731709
-0.002496331755554046
0.05319670862242304
0.04707931548165403
-0.03978186343176368
-0.1148253999950263
-0.1093093669105727
-0.06416900199281868
-0.07452635493480946
0.004518695598482241
-0.0216729985442303
-0.01365598002189474
0.09992383859774186
0.02872888410836626
-0.1104009626620297
-0.2167931884388494
-0.03604651307543651
-0.03331650806320231
-0.1415132593341238
-0.0674339723084677
-0.1666285608610719
0.002099465470762021
0.1809978078038814
0.2140510548595343
0.3297792621236347
0.1811260486278652
0.04975392286957422
0.01268202611702439
-0.1733343556919648
-0.1795925226552985
-0.04864208076302517
-0.01106516085496369
0.02000462387978871
0.02618458344753805
0.07886165607655336
0.1235329568517076
0.08668745645157264
0.03408487150904681
0.01989205362557317
-0.00438163184589819
-0.009143469194762844
0.04513531321457106
0.02996184042580765
0.04398417958558663
0.01979964690376286
-0.01385258268388192
0.002892366067566147
-0.02179028259511192
-0.001788729553669977
0.01002260608277551
0.01477901645774226
0.02477990070445662
0.0201657446740946
0.01712193529938547
0.01189891273547667
0.007125206761667707
0.00416280811121048
-0.001580156880719937
-0.007242623699437177
-0.001823565959331656
0.002284059475334357
0.003761051637796185
8.333779288480654e-05
0.005638617119336561
0.0009781214925818479
0.003787520082833332
0.007864056079037019
0.0003351923187697798
0.001722737471911807
0.00121343792657641
0.003098931757016133
0.001817098556199363
0.001899980980765974
0.006029973089228372
0.01283644747898365
0.007738942581533457
0.01393525250540367
0.01612738411962991
0.01187988853224165
0.01500748280463831
0.01011302046216657
0.01459140984280406
0.01443898136405647
0.01502322383682533
0.01373913023972737
0.01770157635613254
0.01344817740497322
0.008304952756276896
0.01313566973871663
0.01240327294831413
0.01224546738882775
0.01055642885283775
0.01048352470949794
0.006169544063344656
0.01485931486063136
0.01595882009786434
0.01172408940073183
0.009215639557196901
0.008933724363643484
0.01430481010088527
0.01117797938867502
0.0116322521336141
0.00872957083548722
0.00696020229564135
0.0115545001563427
0.01738103716262746
0.01181606122355849
0.007875372349019213
0.003095023620092222
0.001343525040998923
0.00542252022344473
0.00264672591835504
-0.001226430939148415
0.002000926618104398
0.01434459592647207
0.01293900160062436
0.002390939720002404
-0.01352372992884087
-0.007905515425704142
0.001287128111890155
0.008689590881684261
0.007420303410230572
-0.01255043589854966
-0.007835115624205313
0.01589002888040038
0.01541648839900802
-0.02208618691885485
-0.008293195175914913
0.01072031850088095
0.001852818260633633
-0.02882617512537766
-0.04414642103963794
-0.007959248214416523
0.02577480410570512
0.07521856068202493
0.05870487968185824
0.002430096298210233
-0.03918586266495822
-0.01796059359531488
-0.01860122324544496
-0.03312660834533343
0.008763513883460496
-0.0194802626132844
0.04096683669793912
0.0710770869360928
0.01165348814967059
-0.07615579545377409
-0.07514886969030046
0.04219747578295698
-0.04266743745592383
-0.03825761806830517
-0.04445647825990272
-0.09887223797154249
0.07654768623518265
0.1389783841822684
0.1871772088254952
0.2215994227260586
0.09610774257292971
0.04382375631553511
-0.02656621341474355
-0.1108125689125793
-0.04837268497798739
-0.003664032135809974
0.006581052665009821
0.04752519576609445
0.06535265080193965
0.09178893146777488
0.09635804396692005
0.0683814337619268
0.0395400051912851
0.01934045489608034
0.004303515408387747
0.0002244669464522957
0.004254516789106167
0.009084299805445315
0.01819054957325839
0.006472256604432101
0.01064788899384004
0.01935774775520437
0.02405213163051793
0.02840207488143334
0.02070243111799007
0.02239479477030012
0.01609076870870151
0.01115150360463791
0.009169105777182938
0.009771299703002433
0.01464906070671284
0.01688395148015433
0.01606764592195983
0.0190204027532349
0.02206131152963561
0.0187221133090949
0.01663297754779094
0.01081522115005704
0.01266624270585842
0.01276304370712448
0.01324432980456933
0.01569352109544803
0.01117252547203438
0.008093296301523693
0.01313042097665372
0.01245898831593222
0.005490171577424287
0.01093918287449081
0.00828929377953296
0.007330774121274633
0.009624740511971715
0.008939360509550034
0.009568311923491835
0.01126376405967126
0.01456524284374741
0.01194819353678052
0.00848750517942156
0.006414571840304583
0.01051171595055362
0.009041757351735806
0.009453290339270141
0.008331667702337437
0.006928799879638531
0.01498921153663472
0.01422688404043359
0.006430756821719697
-0.0002564936540771674
-0.00144076892893814
0.006392107010793232
0.01588552165059276
0.007886419991590064
0.001092835444943889
0.01279381986957052
0.02364590900811055
0.005303845313579321
-0.003383953033132401
0.0055532002066215
-0.005012187042894365
-0.003693076586361317
0.0002330273503642739
0.007065391634223026
0.009763724952939055
0.01720812403866405
0.03433855845628504
0.03685475115287618
0.03763608678123745
0.02828248584141664
0.01800942307492492
0.007169199549602328
-0.001433664751815617
0.002767309411535082
0.007163345203549967
0.002073117471616652
0.01233363975263796
0.02449545255937755
0.02549502648328408
0.02553180253467495
0.0127205883205994
0.007805211861857201
0.007915644477114861
0.01387971219199968
0.01050324469686796
0.00442051282848397
0.004441761649046253
0.008612961441384391
0.01183672086114229
0.003375345361707998
0.006288857602835848
0.008558704860128047
0.01505263100843431
0.01806516468620484
0.009964495059263213
-0.01263173502603603
-0.01541699858845951
0.003864450245179716
0.02659923178029342
0.03326682924581326
-0.0007010262446745475
-0.0328826947434493
-0.04497243446438347
-0.01358291136836362
-0.02099954899378599
-0.002658585967264777
0.0128697624726491
-0.01187713701774102
0.04350833655682883
0.02957500538274339
-0.02596132869032697
-0.08571452471803628
-0.04149403952229912
0.01185923726836259
-0.05444778813307529
-0.02245679288014897
-0.06177091388908022
-0.04301009077515915
0.07694401917220822
0.08891582250059415
0.1419036491568005
0.1208630216939412
0.0356257837837043
0.01306995228993785
-0.05204826284223119
-0.07715350582253576
-0.02253884867715003
-0.00978474523240285
0.00479159076879567
0.03232917093602409
0.04196623195893537
0.05725565557753304
0.05042581504747118
0.0280327858742421
0.009790920891133153
-0.001929208784902181
-0.01154241362438857
-0.009469932071895473
-0.002471692714736024
0.003551217464144562
0.004192040753496694
-0.001105358743658848
0.004898039414354516
0.003859889307388123
0.006707170300981257
0.006009394944215301
0.00248457268647122
0.00471859134901817
-0.003225658155338847
-0.002750762069579149
-0.0001794935103443376
-0.0003918714060121483
0.002622162996184942
-0.0008773357239126112
-0.004857438187719504
-0.002064439811329652
-0.00113156420403881
-0.004449368443889198
-0.009105200155810324
-0.008144913517634507
-0.003686995238388048
-0.001079737214335273
-0.004734876905818941
-0.01291762394296279
-0.01221019833873957
-0.007679061309775111
-0.0002178682358872428
-0.003502235665177756
-0.01059907988294184
-0.007646360679577521
0.001307393081279308
-0.001553826653855776
-0.02049309376073771
-0.01391754669561354
-0.01097822538113785
-0.01640714533657373
-0.009371431344499196
-0.008086914522910386
-0.004629563103046921
0.002581551032748923
0.01204085012133064
0.01202144779298981
0.009418317430029046
0.007231033437766704
-0.0009090927190674243
-0.007657721838030962
-0.01597217799602877
-0.01520107203437042
-0.006194082260388528
-0.005731170276665277
-0.001242027801746795
0.004151658388050624
0.004174730557736289
0.007539823523450798
0.001218636654258273
-0.002125428180764938
-0.003967680863563845
-0.006375670499065274
-0.00497970077223501
-0.006608365384539423
-0.004242277724950283
-0.004695302217030459
-0.003953827595666152
-0.002766978452962178
-0.005815804286285085
-0.006291644186968017
-0.005016659288497358
-0.009507956309684059
-0.007020254011866726
-0.00446282959791367
-0.00667120083270744
-0.005018789428014058
-0.007004018267476771
-0.004352714672269641
-0.004613651546621594
-0.006343572009839673
-0.01037260569139898
-0.008769214272255637
-0.003503413088899036
-0.003359019823116558
-0.004191737751585658
-0.009766113439702314
-0.01028605329734358
-0.006307771827290054
-0.001706355268372897
-0.007485011355156938
-0.01170278564299832
-0.01211910052156573
-0.009278662003214574
-0.01004747947398475
-0.01458891376938871
-0.01289044716012347
-0.01023713870327245
0.0005677963362148832
0.001443839292329552
-0.01198346436429506
-0.02980708755786104
-0.02311360588769142
-0.007139150717173236
0.007430893367062414
0.00247733416393739
-0.02519657348686857
-0.04297509497319627
-0.03999429180076453
-0.01899645326023144
-0.02959825996731603
-0.008986455466081135
-0.01145696122585293
-0.01084247393607999
0.0232010689338009
-0.007503317335533343
-0.04568904756248709
-0.07951345364897409
-0.02155757668478278
-0.01828856559531607
-0.0528259217143553
-0.023217454351028
-0.07220735538338197
-0.0196973953094918
0.04965302272420184
0.05591303939178374
0.09344498884500792
0.05184288420964097
0.007109774681486093
-0.01152658732329188
-0.06113142934741898
-0.0532943801701855
-0.01792683596710374
-0.01537935626758713
0.0002432618329192331
0.01231562474148448
0.02130983205214988
0.02987083054220265
0.02107948376848865
0.001573954173713446
-0.01133495131209148
-0.01544495220973045
-0.01734259834210892
-0.01174725145062929
-0.01342775390887303
-0.01152801951746161
-0.009737334075704962
-0.009183076061624692
-0.009143399973851553
-0.01273479374513063
-0.0147232807103741
-0.0163208279054049
-0.01109723246099906
-0.01111648521201087
-0.01783946602222
-0.01890820042467562
-0.01070025704815158
-0.00960739222612883
-0.01578050815579537
-0.01603326963065371
-0.0172631489171778
-0.02466262808609451
-0.02396755574116224
-0.01887030147040461
-0.01969434916304295
-0.01492518179604645
-0.006700601999884341
-0.002172634458129406
-0.001682178892475713
0.0008802533329403619
-0.004309097821398124
-0.01098134436236275
-0.01701958941874011
-0.02305494104453426
-0.01802178666171495
-0.01488032747028274
-0.01083076302519276
-0.008354945219769589
-0.00453844013049457
0.001295904497138172
0.0008894564740567314
-0.004253207926269005
-0.008171547849933382
-0.005494039687619326
-0.006481550413073712
-0.01118588488144569
-0.01210808739653884
-0.007933929848537949
-0.004115542511826968
-0.00602013605338617
-0.008907769006400345
-0.008109097404530204
-0.00877308429821305
-0.007614606199926877
-0.006617058961750801
-0.006784079799434124
-0.005686442655102944
-0.008738664668453799
-0.008275966903647389
-0.006898487379356858
-0.01163454562797979
-0.01617745773041809
-0.01222712332427402
-0.009094413793581608
-0.01236137240850227
-0.01173647045749552
-0.008180782369192481
-0.009014134887373237
-0.01007733018867041
-0.007449898262432401
-0.009941243865753466
-0.01633745434149048
-0.01588789835954799
-0.01190777051429946
-0.01482409960403493
-0.01735257885528249
-0.01497964460560727
-0.008678302854918572
-0.008161842473820541
-0.01211386486016313
-0.009402870904576236
-0.008271433554798438
-0.007358251802174936
-0.008550455287394258
-0.01222382978137951
-0.01216378152280147
-0.01013819581125659
-0.01080269001347894
-0.009744284137847233
-0.01011889529092049
-0.01189118020348055
-0.01109756460176188
-0.008856968848332546
-0.005017118878780134
-0.007863032316574438
-0.0119071618028865
-0.01567312129277868
-0.01501405533172175
-0.012793707565909
-0.01323398395210022
-0.0151964169602323
-0.009280820677866978
-0.001239457048884159
-0.002476896944777261
-0.01041089636644438
-0.02266786770273644
-0.01560390366048399
-0.004214788932236827
0.006886191580386655
0.001116868846313824
-0.0209215111084604
-0.03751049988414958
-0.02672055860095313
-0.01269861883247439
-0.02405872422571731
-0.007759175533703885
-0.0162783314454378
-0.003611361847734745
0.0118419722739702
-0.01601564716068283
-0.03983024465715768
-0.05423008951170578
-0.007882844208156934
-0.02322488562550489
-0.03227358844791698
-0.02355296164798892
-0.06149109455593595
-0.001623177367486132
0.03682791229228569
0.04594064369311503
0.06535349266452355
0.02354266460763988
0.0008599317704186193
-0.0133329237879749
-0.04501467235530284
-0.03179494848621255
-0.01398149263662865
-0.01449584184099044
0.001007733107336538
0.01129135819428097
0.01604146833224648
0.0178752372929286
0.01107502032341203
0.003992168653227798
-0.002702906677949212
-0.01613496521962208
-0.01670357928152794
-0.01150729092245795
-0.01559546944437291
-0.01155001085619046
-0.009850631010708155
-0.01088503350364583
-0.01138455644703174
-0.00117403336513052
0.006261778341782905
0.001514732706662761
0.003383321659357732
0.00279255877026938
-0.004606163901253206
-0.01168518759040095
-0.01288868440888238
-0.01094988101684813
-0.009150817038279521
-0.008381287530507941
-0.006520028675645773
-0.004203613068273959
-0.001491606401686551
-0.003286113411290607
-0.006627560015869812
-0.006432598086948234
-0.006207941168762778
-0.004618801173094998
-0.006993839669132771
-0.008658141994712012
-0.006773674455825316
-0.00276075375818238
-0.00293408653734944
-0.002561831712053801
0.0002658203191725143
-0.002323136157109541
-0.003056509081692739
-0.003892076407855542
-0.004670663126194554
-0.003987367485304581
-0.002897822556713202
-0.003772936103518684
-0.006156672959785962
-0.005241531178420572
-0.001865896495930749
-0.001191857086240762
-0.003710877325809242
-0.00445438607952949
-0.003242217578862817
-0.004092078352431347
-0.004983634117367786
-0.00355866943023551
-0.005411410422203338
-0.005610369758260209
-0.004855815464378441
-0.003765988142867504
-0.002060572790716854
-0.003208143487839345
-0.004410685413055158
-0.005520097172862792
-0.004423895634726364
-0.004375753190008268
-0.00523868523249145
-0.005562072626462946
-0.005623067317308942
-0.0040379854456006
-0.003130121855661868
-0.005251348504447245
-0.005121475754415268
-0.003014343526769942
-0.005478174746176657
-0.008019226559661297
-0.007548487747356883
-0.004939448111948426
-0.00463638459031835
-0.007387005996430373
-0.006712032520797414
-0.004084781917732404
-0.002930540399492726
-0.001403474836958547
-0.002298789119456698
-0.003635321539995071
-0.00436058930888792
-0.00310374205990063
-0.001442246073093496
-0.002590500738939519
-0.00122946514421584
-0.00168186690343311
0.001438520656626322
0.004813093890753091
0.001646842565580973
-0.00308799408184655
-0.007905769095558563
-0.006463829877160454
-0.0006443721864028921
0.0002890041778501237
-0.002928758180366262
-0.005080321611374228
-0.003869634506593488
-0.0003369170304271862
-0.002008703698868681
-0.005186966322482792
-0.006673659195633985
-0.001066946245347091
0.003308868645416431
-0.0001474185851278708
-0.008989374624191252
-0.0150188423240898
-0.004908078843881283
0.007814322242970788
0.01450993169153871
0.001408495997182572
-0.01428522946287712
-0.0214980327756004
-0.0111047204255539
-0.009407197456631562
-0.01411953206954247
0.002124978228490627
-0.007531318236505104
0.008520826236888853
0.01267785295404766
-0.008277757186602203
-0.02721450727435405
-0.03279413101015125
0.002380319191449031
-0.01952178890964204
-0.01812761568674704
-0.01927308369747525
-0.03734273892841661
0.01683586000098274
0.0341161674741609
0.04999086735095237
0.05733283859161538
0.01675158347790259
0.004373077712281945
-0.01426464167678618
-0.03732631663166894
-0.01861965959779615
-0.005174139346476045
-0.0002777500371058498
0.01403919028025797
0.02370291739861352
0.03127916144855484
0.02912829464400994
0.02062316018983227
0.009807881627470044
0.00176272914915648
-0.006676241239406893
-0.005958862205581476
-0.001363734368136427
-5.554663993466199e-05
0.007643737541552005
0.007100652487808115
0.0057737619011658
0.005854589367027546
0.008022498086159523
0.006659242849549999
-0.0005153237017001946
-0.002009133206344395
-0.0002340795337743658
0.001274646037539213
0.00257740235150512
0.004849295949188445
0.006245567808109172
0.008095496787102485
0.008144015446622946
0.005531086450273965
0.001238356710318889
0.00195884106962412
0.001831806159747048
0.0005126472058919364
0.0003906895862178153
-0.0008177774091721452
0.002383888635146924
0.002921848378392663
0.002729382442262602
0.002211514689607866
0.003545974415158418
0.002961814572163638
0.0008032396289337051
0.001695514853898004
0.001181953914264709
0.001746453460003243
0.002404481356232329
0.003127218891472696
0.003439912824213966
0.005101749099599045
0.004884100656995329
0.00282669594858111
0.002541072166328883
0.005646125736743859
0.006843485356560793
0.004178310381016915
0.003459088747177485
0.005404274119723278
0.007544023829041574
0.006243389074382557
0.006241124116399275
0.004224357189728301
0.00531383273096469
0.007964357047204634
0.007092583254558223
0.00525487573246311
0.003332865165774601
0.006863338201742734
0.006377117203988925
0.00362469446963684
0.003580930168777573
0.006303978142849533
0.007694360658002079
0.005185990489408042
0.004099522037558888
0.003597468895031925
0.004110444465067207
0.00295692503941812
0.001170846504221055
0.003101848364006456
0.004973265101100139
0.002997759630112178
0.002235420472246475
0.0031980794201791
0.003899734663828814
0.003581644707832899
0.002648866581072095
0.0007439596248810853
0.001578635014844074
0.004730198522157415
0.003905066769226762
0.003704268932321939
0.004558244293447975
0.007612752517441944
0.008489234607005595
0.00632543374978486
0.003382854985777685
0.003527275183657929
0.006272446471764148
0.006074563471678595
0.00735063903231577
0.005869312753645103
0.004399699755781496
0.004984100442754176
0.007050537954117219
0.006351937386497118
0.004816971266859701
0.005608780876757462
0.006456929219182995
0.006921152983301542
0.005597609173493674
0.006256859023837043
0.005843884098173015
0.009816847022334233
0.01113770980739722
0.009075837305479461
0.001182724782786192
-0.003563348292468012
0.005505169426370761
0.01432660495395517
0.01743571605398336
0.006652441065905437
-0.005666864183352031
-0.01165535984132803
-0.000594120200473198
-0.00348406910592938
-0.002810445461210607
0.01181634511493024
0.005343091434217814
0.0188087016577243
0.01433692600989169
-0.0003385936191300246
-0.01949230742140611
-0.01756092938930242
0.007632684458213231
-0.01331840552921896
-0.00575288453132381
-0.01684614678000824
-0.02143486150499761
0.02648457698235146
0.03613846718465182
0.05322556124840633
0.05322948077379742
0.02353137206341689
0.01635877431816394
-0.00264644293670486
-0.01621296054066087
-0.001328092739027601
0.004010634949135158
0.00821164082895944
0.01788122740772679
0.02118980794214162
0.02638029367077401
0.02692928944731544
0.02053225054500716
0.01309756225483633
0.009141297860142478
0.005469332018286943
0.006470785519515979
0.006870991438306535
0.007856403476506853
0.01257079920463493
0.01097574320235778
0.01008192266215166
0.00962870957826417
0.01142499699550954
0.01095217351130724
0.008214179336457869
0.008201948849557331
0.007367960554603321
0.007010286697108858
0.008736231229050638
0.009880890215864368
0.008957933090598802
0.01103410578655502
0.01186303736425164
0.01028647216225347
0.009586352991838368
0.0105076969347835
0.009852804823579394
0.008199889707805386
0.008067019156258959
0.00934363148037295
0.009879144046883725
0.009670725213977749
0.01053745724717248
0.008557941270062361
0.007726657508111254
0.007887635605103882
0.008942189137055917
0.007603228059712048
0.006654962251650174
0.008302045144745482
0.007841923573893839
0.007560318585475525
0.007204518696757021
0.008769736950971205
0.007348035194600466
0.006427491603058099
0.006739241767371372
0.006733366725784515
0.007791587913704792
0.007813431787354686
0.008019990131827748
0.007859313408066889
0.008108737512981187
0.007710289594674177
0.007691669234769059
0.006729157358685431
0.007292353034726229
0.007367001992628343
0.007397719829575989
0.007925079267352053
0.007874633913861288
0.009431184454357725
0.00856482797133605
0.007496660610377731
0.006585424418396679
0.00643935819388276
0.005599092957231962
0.005884410929392622
0.007102125708703702
0.007425684337815113
0.008136939093841394
0.009311925619365578
0.009538297827024755
0.008003492098573062
0.008150675636658174
0.007577158770070302
0.007156153530303128
0.005297455453429595
0.005011853070525931
0.007107072093120972
0.008126647391194406
0.006299526565852909
0.005109782768300781
0.00748499681374137
0.007307885046793532
0.007076973757507921
0.006139517368606852
0.005486286497181564
0.005968288662015312
0.006870093219199618
0.006514321442476122
0.005823868439358483
0.004711753957899215
0.005858446873251728
0.008754201948940249
0.007974028358825975
0.007120091747597302
0.004520610772367948
0.005157973269084973
0.00578780567114253
0.007085375614861242
0.008167950186203636
0.006920879649690828
0.0069007820794631
0.007840120971934757
0.0092755818402955
0.007276979805006707
0.0069741471672494
0.007464204574980116
0.01099702613716
0.01157214125064507
0.007246994119824375
-0.0008501702692628523
-0.001006528426113841
0.007211820933516979
0.01314128299369855
0.01534743991152399
0.006148382210016567
-0.002261931983949737
-0.007257327773535481
0.002081597447200061
-0.0004418655475478859
-0.001941868532719153
0.003343121873937306
0.0009485374875984837
0.0170274827323769
0.008698286842302392
-0.00161508541315107
-0.01049977118499188
-4.042297212460845e-05
0.01508665571716833
-0.003556688668439157
0.002052116151094617
-0.01558426404342472
-0.01282849898880694
0.02376794209535967
0.02777800718091197
0.04022120816151843
0.03622307811699008
0.01673860077255621
0.01401446631432661
-0.0003872435210139603
-0.008352756347180223
0.005306400208157777
0.006735547659383858
0.008417324028277853
0.01606717288294615
0.017842394519145
0.02033579022659141
0.01939717858549174
0.01378973932641981
0.008796364481640123
0.006559095852007289
0.004896007793788138
0.008015283075047249
0.009123098907551289
0.01024204475192363
0.01185758026014694
0.009168529688743597
0.009027037116699131
0.008339714045839351
0.008534986900088642
0.007204536767333348
0.00474167894167401
0.006101584580706493
0.008078131558669
0.008974255473123268
0.008921394578743202
0.008249463387691648
0.008438960672158633
0.008948185084417307
0.006652575986963051
0.004132972359295155
0.004568577186906019
0.005073144058639874
0.005110098891922086
0.006251398702528467
0.006896862240737208
0.006943084515318327
0.006684277398916952
0.006105599103755121
0.004750866777076144
0.004214215273576071
0.003877098224177132
0.003535429242346388
0.003967674909872486
0.003201393685650759
0.003393520485131902
0.004304792741256999
0.005525942408916789
0.005258867069630864
0.004443006229859022
0.00462044979203457
0.00389665447846668
0.00410379619512046
0.003334855833643988
0.002761783270414528
0.003802911112725615
0.003149027892897766
0.00326776377568916
0.004454649919152794
0.003463493433350525
0.003018659014350387
0.003709051842469188
0.003736614611797317
0.004210733105443737
0.004067794912383765
0.003437619342440354
0.003550556115737257
0.003962826113050349
0.004183574500703084
0.002853452662921514
0.002964344035312008
0.003856946857155865
0.002858291719272082
0.003018741076369163
0.002973437376184469
0.002294193602075793
0.001413932958848586
0.001827486695341291
0.003035650664519547
0.003414456377595191
0.003805053910966696
0.003069374259103039
0.003250608832900841
0.004013757233521742
0.0036893887793312
0.001963249124825353
0.0009330563153461703
0.001259304139633102
0.002013206852674295
0.001940696502593106
0.0002675156493523326
0.0005606002177474424
0.003287462621193149
0.004539693906556674
0.002608015835412156
0.0009606327939815239
-0.0001302213340766829
0.0001704609267829873
0.0006982078686912076
-0.001504754124709479
-0.003013308172834835
-0.0007943370167378797
0.0008733715768166965
0.0003963921889634366
-0.0003653039596509451
-0.00191600664039615
-0.001175227759267442
0.0008410255959448069
0.001414945055906682
-0.001187599152089685
-0.002602696642686119
-0.002674001155217848
-0.002491556285442312
-0.00171201598853589
-0.002439832224512368
-0.003432911742697184
-0.002410366528334935
0.00246518643827782
0.002131613607905258
-0.004046714406171015
-0.01059802305073538
-0.008077553348244518
-0.002490048070730656
0.001058182710481792
0.0008822574621419286
-0.006390340929910452
-0.01140058561166152
-0.009801682338838226
7.373122049750365e-05
-0.005593723043414019
-0.003570968937859472
-0.0008799374200824879
-0.003125684485513701
0.006977679092994294
-0.004872000015470313
-0.01298549462668349
-0.02092139253182497
-0.008438297448826317
0.001007531323778562
-0.01153934197418625
-0.003061890370073003
-0.01928783606754659
-0.01053556375300737
0.01693407772242049
0.01586497268397246
0.02547559642042158
0.01822510470608351
0.002996415687221409
-0.000561307001146049
-0.01443985030323461
-0.01503519467296946
-0.002789085727550759
-0.003099488108424682
-0.000144991056222915
0.00439219271733048
0.005349082013514129
0.0063958591556813
0.004849576795050887
6.761922519038545e-06
-0.004707126291423724
-0.005573740124470803
-0.005953088076881635
-0.003692303402442861
-0.003862604001438528
-0.001634204322531659
0.0005396512047182475
-0.001447742388365363
-0.001232075310266943
-0.00192756195625568
-0.001923694972489528
-0.002990836020739434
-0.005146980109155771
-0.004077598010743772
-0.003234234702955046
-0.00454384231676772
-0.003412347655490825
-0.00261372643579369
-0.003205976383555614
-0.003614966029468254
-0.003231639931341352
-0.003322301838093688
-0.004680211429902856
-0.005088932921294378
-0.005919950543992696
-0.005489295402226352
-0.005498583434264402
-0.005114692681134457
-0.004520102153973032
-0.004326182629555676
-0.003893214509146653
-0.004224890933187102
-0.005190577542572754
-0.006489590529016053
-0.006051517555662788
-0.006304976500574446
-0.005993468433428405
-0.005955735519064359
-0.006569331669250835
-0.005955570563563516
-0.005439372849767226
-0.005877634699605081
-0.006069990814742346
-0.00515363251917884
-0.00545188948612788
-0.00511466780288182
-0.005658764466917625
-0.006425703758722294
-0.005163851511914255
-0.004935343133630869
-0.00536711443599168
-0.005574972223329188
-0.005410712621942595
-0.004287393625507016
-0.004026304778071878
-0.005296756525066029
-0.00592389164403156
-0.005394795432464423
-0.004925002372090699
-0.00499113893388225
-0.005165445771908771
-0.00565830610965126
-0.005859739987876502
-0.005187726068460758
-0.004984377940204431
-0.006008230281008573
-0.006494322645335484
-0.006387708707072387
-0.005779142211754368
-0.005449003324751709
-0.005853537232452745
-0.005454587953391189
-0.005321623350871648
-0.004526161873656315
-0.003369024117880709
-0.003167605324162113
-0.004154088721481579
-0.005105085512045673
-0.004503185098566187
-0.004337439431068553
-0.005483469550295169
-0.005942652614083186
-0.0048226661537723
-0.003023098635743033
-0.002471823474821817
-0.003152464156762983
-0.002618124192958168
-0.002241661658819019
-0.002380546587597018
-0.003558712030837059
-0.004725041342083643
-0.00525304789602949
-0.005581512607681621
-0.004859568322081675
-0.004720214699420282
-0.00435189252876172
-0.004148763557672758
-0.004323943614792996
-0.004238077768946865
-0.003603255945121041
-0.003972056948771802
-0.005416054604628496
-0.0064877949857592
-0.00565675058251146
-0.004882765892231518
-0.00537513117364991
-0.006466209374757911
-0.006269627583149714
-0.002105884174923721
-0.001449225796043394
-0.005884582973593728
-0.01142494925853168
-0.008914912859486455
-0.002710145104645185
0.0004574544839008272
-0.002105912035110809
-0.009458842655969951
-0.01412457455868611
-0.01279014862312259
-0.005710254931069844
-0.01131942723837538
-0.007961471666174265
-0.004840931586449089
-0.003853861429563168
0.004365746179146267
-0.00656633726080003
-0.01224939077230383
-0.01876644099663107
-0.008734628148952999
-0.005287757284049845
-0.01401113904506614
-0.007128361763677746
-0.0220833180193143
-0.008467668546687191
0.01369013851722379
0.01334017129310913
0.02218598658425444
0.01283573449000768
0.0004743868587730466
-0.002759439079838746
-0.01477793428106398
-0.01408986054797061
-0.003901197402271651
-0.004511090051474893
-3.811050006879959e-06
0.004153490448140535
0.004064301253024108
0.005070001289597947
0.003817787029277817
-0.0002568381677642729
-0.004292552935520167
-0.005517969603800937
-0.006708348647802106
-0.004750566003751619
-0.00478597076554535
-0.002826824942373699
-0.001503926267745464
-0.003173047034202189
-0.002821619881835595
-0.00342541387030785
-0.00247365685768161
-0.002835796353669243
-0.004781922389518006
-0.00502932276774595
-0.003811839919799373
-0.003621321078486996
-0.003405137973225076
-0.003818656235488243
-0.003434392632105038
-0.002590104766849091
-0.003102113747643657
-0.003427941533000954
-0.003961022019703694
-0.003654645126557714
-0.003856173277598128
-0.003596876951253766
-0.003254407505473511
-0.00296182927725748
-0.003518862007627254
-0.003564254659953793
-0.003050625560158045
-0.002846770144770935
-0.00270974549883174
-0.003556571662478004
-0.003187857404128594
-0.003270583286565258
-0.003020545664256226
-0.002860870461047736
-0.003161009361559846
-0.003488458579532424
-0.003202446752538913
-0.003163878073110344
-0.003477157185789433
-0.00312026338861844
-0.003280052850562618
-0.002595811081811531
-0.002872256817133752
-0.002247072948573175
-0.001400212661779605
-0.001922076373605108
-0.002561528787425663
-0.003020631860460049
-0.003128186707575646
-0.003248333759564437
-0.002167424973946296
-0.002003471397271774
-0.002785561827159263
-0.002294856287725008
-0.0009087988791998029
-0.00117619542488013
-0.002176066602839183
-0.001657676759192605
-0.0009998626317385139
-0.001582420309082216
-0.002297311368629763
-0.002733414345558724
-0.002766701839193822
-0.002138651357528267
-0.002211349892711539
-0.001864311174578122
-0.001783376659848619
-0.001835394428814213
-0.001067100862215942
-0.0004663617983762412
-0.0006561686526112013
-0.001404050579730808
-0.001953534741324106
-0.001448650888665579
-0.0006407087483828315
-0.001825931613898468
-0.002446753154181357
-0.002068677319323645
-0.002264663892480121
-0.001311759841892635
-0.0005472770115730333
-0.001136112821112432
-0.001242712584376156
-0.0009899492073431983
-0.0005713399493629396
-0.001162554612457088
-0.0026793943482695
-0.003037124917740792
-0.003009218393140484
-0.002240724832731815
-0.001525310399954525
-0.002069207527894245
-0.002405224120051005
-0.00271664784330454
-0.001835033343591695
-9.162857748634527e-05
-0.001368036721965031
-0.003378885090784757
-0.003914234684173677
-0.003088030394208594
-0.002692879273435547
-0.003640559713786375
-0.003672364675872478
-0.001682926094481277
0.0007785859414370522
0.0001344797408515453
-0.003345626554615944
-0.007300631073041295
-0.005382881993760065
-0.0005695827460553253
0.002624951876055069
-0.0003107999915114579
-0.006169561127821661
-0.008848506672069916
-0.006517682551694971
-0.001967254275451586
-0.006815679503740831
-0.002267872698454268
-0.001073613067731129
-0.0002230246427087796
0.004764457291272398
-0.004574855117056516
-0.008205150537289894
-0.0129841118157743
-0.002872043686864877
-0.001529220522489484
-0.008019175217072429
-0.004272020324466327
-0.01673521611994341
-0.002642312079218929
0.01292219414353193
0.01322797566740095
0.02124224248556056
0.01200846440615341
0.001892850741141916
-0.001118731607414018
-0.01002291522290832
-0.007690406770955849
-0.000659048711936967
-0.002235868639359706
0.001905706621192504
0.004587725077198648
0.004695121082025248
0.005880725178230712
0.004113141816095627
0.0003400510683143476
-0.002037309364210168
-0.002774245477897791
-0.003549246193654381
-0.002160678487883922
-0.002484622368133597
-0.0008264958160878457
-0.0008631050215778927
-0.001752289376009976
-0.0008358845625105873
-0.001194689546737105
-0.001069688208118272
-0.001326265018576399
-0.002428331545646549
-0.003532498809439253
-0.003242505401112174
-0.003028355199703572
-0.001774635900506211
-0.002259150395154713
-0.00241845884250909
-0.001479374358409474
-0.001098147432776799
-0.001186196214340691
-0.001618446197866676
-0.002041268518623392
-0.003220164650933646
-0.002336148098673505
-0.001938765721367747
-0.001194366008479544
-0.001411427714436934
-0.001370642965700011
-0.001154412352307796
-0.001342242824583901
-0.001051030312533391
-0.001678913015847699
-0.001522021624124112
-0.001966543524403963
-0.001187644356340467
-0.001284626076096229
-0.001803523894645507
-0.001762024719883938
-0.0009892776208455473
-0.0007336042900108102
-0.001164117408476872
-0.001019040797325804
-0.001193398645307298
-0.0008332740525683469
-0.001310370045350357
-0.0008514863271040392
-0.001167218123834343
-0.001435991685574715
-0.001115700144968475
-0.0008300873921264206
-0.0009758043263505092
-0.000938819345929994
-0.0001075479241866486
-9.439838240419989e-05
-1.142335499502076e-05
-0.0001996488226737229
0.0006423454999019501
0.0008525379770575259
0.0005389203942790513
-0.0005677975120877065
-0.00122750102261786
-0.001495464276033599
-0.001212852886229003
-0.0009071901787191415
-0.001522884982481867
-0.0009056397648109072
-0.001206671285787777
-0.0005753444392986521
-0.0007767668227631669
-0.001088278417280007
-0.001344649081590487
-0.00121251003671965
-0.0003173956822146118
-0.000238556592718574
-0.0007060202731386973
-0.001535057552425705
-0.001008252311275328
-0.001574022986633798
-0.001336052937505955
-0.001697052837674892
-0.002278736285839066
-0.001867893037720042
-0.0009172148907920078
-4.235094703547132e-05
-0.0003228256051533637
-0.0007405002239700845
-0.0008865779736454291
-0.0005307540029942402
-0.0009953517611355975
-0.0008128669982647778
-0.002128350991534748
-0.002242956402259304
-0.001372106405945282
-0.0004506809872825557
-0.0001775900078411179
-0.001998347173616449
-0.002181447306748298
-0.0007655192685697839
0.000380782074098462
-0.0009869754120415131
-0.001658059462401292
-0.001525699924915461
-0.0001873806463394606
-0.0006236431138001834
-0.001436675889483068
-0.001283866546763947
-0.000444001851070542
0.00158310974340986
0.0006342514178147993
-0.002470786737033896
-0.005540315249633983
-0.001543136391204437
0.002442915565607905
0.00431252216099892
0.0008119810068926123
-0.004805047777454937
-0.007155095693564924
-0.005580272654994064
-0.002166355096203694
-0.005726600041363831
-0.0009276915151377892
-0.00101977348880928
0.002428987433359907
0.005507663084379247
-0.003624211145785647
-0.007268815181698768
-0.01219911304955771
-0.002769641617132723
-0.00336223416220639
-0.007086845929304973
-0.004909323752482994
-0.01480879563555929
-0.0003134795620003911
0.0117913534647445
0.01197333851801576
0.0181795219796296
0.008736658526626631
0.0009028671432546825
-0.001930264959063041
-0.01021575298070254
-0.005726379942158679
7.594673189313183e-05
-0.001039925995657885
0.002430141159425583
0.004402603915967699
0.004782386124586622
0.005392955605888533
0.00404134239136815
0.0008624164296929567
-0.0007708663471703691
-0.001640088155528637
-0.00172500155243571
-0.0003972720665348884
-0.001099389327620814
0.0004854655183025094
0.001100585975033852
-0.0001934573521478347
0.0003177616019233087
-1.662241445683998e-05
0.0001700707502531242
-0.0002045659121753513
-0.00164865432230378
-0.001529136890726277
-0.0009801573983485945
-0.0006317998974342303
-0.0004913858527055603
-0.0006365899924997372
-0.0001652838289372455
9.978042655664776e-05
0.0001622116457987249
0.000400606326271102
-0.0003204293464797159
-0.001170407062067761
-0.001235474688721713
-0.001106039912462674
-0.00117976013653341
-0.0009493908139338396
-3.234468152729494e-05
0.0004687935519652542
0.0001273666795222348
-0.0002479081674529254
-0.0003488844123062788
-0.0003173486385864121
-0.0003497898769715472
-0.0009870768503885863
-0.0009456199916301048
-6.753816589158088e-05
0.0001396228756431982
0.0002679304011475986
0.0004364130911265377
0.0005090042809739785
0.0001220519925111482
-1.005820584451464e-06
0.0004916759568361413
0.0005132940725407358
-0.0002568298933022275
-0.0006842069716709465
-0.0003422960263194135
-0.0001772471640673948
0.0001886061688081129
7.765951446069821e-05
0.000529017684768552
0.000820894832953124
0.0005827979651897836
0.000801898227401752
0.0006116367630709282
0.0004594507340160522
3.545209068005628e-05
4.65725271735542e-05
-0.0002148296525892332
-0.0009714007324720371
-0.000935279433085686
-0.0004779289023414856
-0.000385887382430469
-6.182656249425865e-05
2.752443856059789e-05
-0.0002096724083665889
-0.0004419298294455221
-0.000861858624378668
-0.0004941756845450136
-0.0002796040097150311
-0.0004021798854375746
-0.0007412780352928307
-0.0005403061236703869
-0.0005139226523135571
-0.0007516231829416836
-0.0005642395036157042
-0.0005096435350474334
-0.0004543018277139358
-0.00060827315899661
-0.0009968639826047833
-0.001102178334516807
-0.0006334301385146799
-0.001000203544626332
-0.0001598503728666013
0.0005416167797263269
0.0009863928651748517
0.001258571938495226
0.0005924813427490394
0.0008388699842232392
0.0003289002675831413
0.0004046413783710801
0.0002212945392598196
0.0002952462399671444
0.0006802370890270232
0.001005669883920856
0.0007744643323523417
0.0002858264226514345
0.0001786310498731139
0.0002510643627454733
0.0008010612801190832
-0.0001499925828639409
-0.000277308270962669
-0.0002332111783890821
0.000549616575859726
0.0006343307401990481
-0.0001398030769249837
-0.000887356344016328
0.000412423011774713
0.00294258300986282
0.001709845525281218
-0.001356997087671143
-0.003630189816567595
-0.00132911328000171
0.001436195810978722
0.003968377312567307
0.001453584467413326
-0.002859958897554003
-0.004880398054533434
-0.002939103122700546
-0.0003305234727773606
-0.004427133672129041
-0.0006801920185950794
-0.0005743585013080929
0.002590986662999051
0.00398469136666353
-0.003366966636537493
-0.005788337946881992
-0.009189893657240043
-0.0004122663672174963
-0.001751127738527398
-0.004755842585931165
-0.004311712214418007
-0.01161682565371271
0.0021710593795081
0.01060190614664355
0.01118178126400173
0.0161925022555342
0.008264284962864195
0.001712418120974102
-0.002118246873152227
-0.009097150120341915
-0.005730833154420665
-0.001259534862471447
-0.0008123440539725037
0.003026363545413637
0.005178014156755744
0.006568664388756237
0.007291379654581444
0.005399193483379489
0.00112396262786771
-0.002102109973946572
-0.004346945080003305
-0.004607052751101338
-0.002555734152927279
-0.001882866358972084
0.0006238342013849998
0.001262387910823394
0.001003211530971539
0.00157252898126159
0.0005654080299738703
0.000424018046824315
-0.0003208226642190652
-0.001184595244466991
-0.001091850424356228
-0.0009000621862612436
-0.001052122277016041
-0.0003892304993373623
0.0004911822356197563
0.001014839671279656
0.0008736367791590489
0.0004080967252703237
0.0005598460353815463
0.0007489240801366751
0.0005827095431854521
0.000132702803766014
-1.80719261899705e-05
-8.56885463884775e-05
0.0002752531934948058
0.0006054681335262654
0.0008218603362307046
0.0009034718749354787
0.001020764931198132
0.001138013655008065
0.001032198327056688
0.0008803348758687867
0.0003450253640420678
0.0003266807110972121
0.0003484730723409751
0.0003515198436067687
0.0005424794481027783
0.0003377549764038228
0.0005477806231295718
0.0009437823099483637
0.00119738466795934
0.001087538320270109
0.0006774299142480993
0.0002988696956115144
2.070604090169518e-05
-8.684927184576624e-05
-0.0001585748995440372
0.0005981223743702892
0.00152220569284633
0.001678504886250244
0.001124589909432141
0.0001490201424757739
-0.001148218009146978
-0.002403224264291777
-0.002534394210538711
-0.001518188063975186
-0.0004859683709852959
0.0005540810366032721
0.00130023560109432
0.001724177894441464
0.001450478144913866
0.000851968150162019
0.0002747420302784174
-0.0004143349314043651
-0.0006463881998995526
-0.0006650532349713981
-0.0003889100019039146
-6.75308081272161e-05
0.0007867243651379353
0.001491460889154726
0.0008083204599455688
0.0007563404398918885
0.001051235619825304
0.001190165846288501
0.001101769871273559
0.0005625278451769235
0.0008096076013096605
0.001285068257262949
0.001317699829611005
0.0004951039042869413
0.0003986300978992483
0.0004762956523122421
0.0009364901216304966
0.001511640411607935
0.001288142526782724
0.001556927410947111
0.001948155273623161
0.002029071620536583
0.001788144645744728
0.001352947095594401
0.0006388809273816715
0.001118381841887065
0.001415768478132633
0.001322055032640693
0.001082219336761306
0.0006090129150201583
0.0007185435768467483
0.001188041858693428
0.001842634948592247
0.001314288681330529
0.0008080286547474098
0.0008506945848256765
0.001554738494226756
0.001240719797093275
0.0002454177731787075
-0.0001399759861066893
0.001388566566792731
0.00285668713872092
0.001494222198142858
-0.001075561319194903
-0.002609956902491823
0.000273667830946092
0.003238544246021103
0.004251817384577333
0.0009236690137416337
-0.002681440898137919
-0.003879082110714184
-0.001512478265768654
-0.0001648425471893432
-0.003033141918411509
0.001055223379841714
0.0009057274416193095
0.003837446043613097
0.003806920195633612
-0.002514956741296971
-0.00410060338849509
-0.006524592188810157
0.0006390002479058424
-0.001548164848221667
-0.002650444016559833
-0.002935603025340654
-0.009117017444277275
0.004191154380939941
0.01060061432011075
0.01123538215697953
0.01463652620774715
0.007166432504714743
0.002077517804163855
-0.001306497261777927
-0.006426784818799967
-0.002314784276462872
0.001324718914165252
0.0006231635879102652
0.00372565284719491
0.005125777779738331
0.00630480117538539
0.00682959241964916
0.004114516428897453
0.0001995926836049947
-0.001603005758527755
-0.002127460383036346
-0.001300855917433189
-4.046159861280271e-06
0.0002539830882804582
0.002827625267472918
0.003159437985850601
0.002715620332728174
0.002602659559469895
0.00181658128355359
0.001580639920323051
0.0006540463547556558
-0.0003482172766383942
-0.0004007326644487961
-1.949620958971386e-05
0.0002809697658684596
0.001085077543392173
0.001470421793132658
0.001948881127451328
0.001953045938715602
0.001622472218730708
0.001243355440824742
0.000988613347487458
0.001061992434726319
0.000630642896008693
0.0004739757660376558
0.000352489021554626
0.0008591938732613039
0.001098571572077968
0.0009680061160346357
0.001011930125307074
0.001183962222097193
0.001259140493098976
0.0008542255998584611
0.0007591800401299598
0.0005346378263875213
0.0006064677128017693
0.0008146600404402019
0.0009420831960691952
0.0009528309881590795
0.0008721888089655228
0.0008848769985726017
0.0008786381970757464
0.0009901377071667402
0.001000625293368051
0.001036625979499043
0.001069878845848242
0.0008283907764668248
0.0007615085626614796
0.0008680071361663757
0.000787958154669421
0.001078020139457558
0.0008624781948156185
0.0006287223099207909
0.0009507893433799082
0.0008925483151476797
0.0008129537927230976
0.0005333363880507851
0.000405886506455665
0.0005026201023297036
0.0005652691505291803
0.0005367221432745204
0.0006530641960515095
0.0008126035374870128
0.0008018244767441693
0.0008677839860064089
0.0007356037940560065
0.0004304481152614761
0.0002155887759232852
0.0004834402350371393
0.0005334154477177549
0.0005641573983992124
0.0006442925986832669
0.0005872900469033051
0.0007585211189923933
0.0006594637713315119
0.0007462528607902975
0.0003738365690230632
2.246875699384529e-05
0.0001598581257087238
0.0005427903931242074
0.0007863975475729494
0.0004271665271407647
0.0007380526101951761
0.0009807802557149519
0.00124717838147933
0.001281372596565655
0.0006820867790959636
0.0004258226705441973
0.0006803759028925626
0.0008253739045199479
0.0007092358927356645
0.0004062793951752189
4.007141057506541e-05
0.0008903096333482049
0.001411088810059465
0.0009934127809162359
0.0002884802855143127
-2.199129561470953e-06
7.2348889784244e-05
0.0005641368983860286
0.0008554102928819265
0.000139523141183746
-4.221477712907729e-06
0.0001114131547004579
0.000810329613746936
0.0005469801171162074
-0.0004858505718136739
-0.0007645266178480932
0.0008833317849657126
0.002193688586394042
0.0008377454002536571
-0.001687474027618246
-0.002752893037083919
-0.000321621779798437
0.002154943246905616
0.003385001903398081
0.0005127242422456815
-0.002226095855979276
-0.003507091006120652
-0.001888725765292749
-0.001375660438216545
-0.00424313485282605
-0.0009111302864081012
-0.0006213334983612703
0.002944040631260691
0.00275661592673796
-0.002492328906486703
-0.004057236218139762
-0.006110624281972713
0.0002167831166357419
-0.002221664758221348
-0.003114816548734841
-0.004235659172382921
-0.008881182147124455
0.003693603578464588
0.008525954437051965
0.009018257112894614
0.01161911619326486
0.004949280306893925
0.001230027618122921
-0.00180035093621277
-0.006141147009174281
-0.001970113667769112
0.0008096821219356536
0.0006902544115371218
0.003511332842930084
0.003760915047306712
0.004126527348977852
0.004524356090401396
0.00290286590171863
0.0002364847247361188
-0.0007934432342484344
-0.001228942148775851
-0.0006517465468444705
0.0002893565535321655
0.0002701928586207553
0.001806377664912643
0.001347610856785407
0.001060578753455266
0.001407883732600412
0.001085439815700238
0.0007586444456250591
-0.0001218280115919813
-0.0007657822159372289
-0.0004817031473032827
-0.0001391430761790102
-0.0001785461399432145
0.0003853848099167674
0.0006507350090531396
0.001070109839602934
0.0007760609412052291
0.0006121137219094313
0.0002641905066046906
-0.0001753390677139573
-9.096601637605058e-05
-0.000264318785723652
-0.0001069127348721152
-9.558759530331198e-05
0.0002340056064505828
0.000359082907130125
0.0003900845419107079
0.00012639586495288
0.0001646770677848486
6.675767305069846e-05
-0.0001856269380441447
-8.613281278929986e-05
-4.165648271802744e-05
4.207461581647069e-05
-0.00015238370500809
0.0001774950998541607
0.0001081273046588608
0.0001327971371276115
0.0001054881702133431
2.965561626100976e-05
0.0001655761978452091
0.0001066604766426801
9.85850028929397e-05
5.48492938580637e-05
-8.171510453147583e-05
-0.0001770785355662408
0.0001547381579476579
0.0001180527776238085
0.0002488790974230767
0.0001147931358001879
0.0001258799783610345
0.0001645409735328488
0.0001184619650474166
0.0002540866005186569
-1.005783807139103e-05
-2.75659917246344e-05
-0.0001490678265020977
-1.704759922119155e-05
-2.364426075650842e-05
0.0001880163911957534
0.0002378038318893024
4.064003050353364e-05
2.792397744688145e-05
3.546689514258305e-05
0.0001030934135933503
-6.169522458940251e-05
-0.0001313829037583353
-0.0002078789844536267
0.000113004927263121
-7.421796894982764e-05
-0.0002413973474565448
-0.0001463374915889098
-0.000101200265973916
3.260729937841084e-05
-0.0001530135866581293
-0.0001741127514023716
-9.718189737484199e-05
-3.362152398686908e-05
-0.0002529448236106626
-0.0003937417393304996
-0.0002681834615514526
-9.352650779437039e-05
-0.0001896637846754013
-0.0001944539891110065
-0.0003105683002542462
-0.0001715229847695777
0.000146656588146585
-0.0002120603905085084
-0.0002779447324895229
-0.0002915273795956766
-0.000308800499445403
-0.000474342179435946
-0.0004963786824736876
-0.0003460411313384882
9.902672300147398e-05
0.0001966277345072986
-0.0003028026311103265
-0.0005391082778769522
-0.0007928718501807442
-0.0009736136345429036
-0.000944329998946824
-0.0005843048667704855
-0.0003503952964086331
-2.337733109589262e-05
-1.234409915592309e-05
-0.000161033997077547
-0.0002925660851746511
-0.0002369901460773634
-0.0001558556963567297
-0.0004210031099462565
-0.0004746515821697302
-0.0004745607295992243
-0.000196257582593549
-0.0002843588244981826
-0.0003746982927274258
-0.0001466025114771331
2.701055989801719e-05
6.072047896257145e-05
-6.050019453639245e-05
-1.489886204780209e-05
-5.825112358020248e-06
0.0001509346312553239
1.674683985185137e-05
-0.0002392653455534275
-0.0002974072818634598
-0.0001539971879334451
-1.463764189112665e-05
6.916765398262794e-05
-2.620057531415193e-05
-0.0001796748245117404
1.148666481788512e-05
7.475590341487284e-05
5.036090181333159e-06
-0.0001506773098189842
-4.969595262253474e-05
-9.847994255060658e-06
-0.0001253621972059036
-0.0002727974558939523
-0.0002385969792851492
-5.492995995168362e-05
6.033277719038592e-05
0.0001510934599505583
6.920255506837934e-05
-5.357304093335471e-06
-0.0002828537373461411
-0.0003447927684197293
-0.0003589689506882673
-0.0003089937477274981
-8.931696637568967e-05
2.127527513890427e-05
-8.280394909659234e-07
4.320812661631857e-05
5.661477581431144e-05
-6.47916747065611e-05
-5.925586632309703e-05
-0.00024225202085373
-0.000211108146558882
-0.0002425232033674322
-0.0003477677748996634
-0.0003218932470508131
-0.0001536540892731103
-7.135230847828722e-05
-1.869380109168982e-05
0.0001388165740567858
3.98499894968655e-05
-3.479041445165629e-05
-0.0001883857154512871
-7.869799135890002e-05
-0.0001712432412099469
-0.0001557786069604759
-0.0001315499762927998
-0.0001241173009535696
0.000200476995466016
0.0001535443816059554
0.0002531450056548191
0.0002239840819734185
0.0001875528533164648
0.000253248495078632
0.0001249240283081921
-0.0001395796376485516
-0.0002564398268172377
-0.0002346323174936214
-0.000111880826923372
-0.0001162223407710256
-0.0002269417318789853
-0.0001567112512176548
-0.0001547009363178476
9.874661768411097e-06
-2.278378908508708e-05
8.613753284776579e-05
9.814437695547134e-05
9.265428808738844e-05
0.000112102693847551
-9.552337786749988e-05
-1.395599108422222e-05
-1.270736070546477e-05
-4.416329204545653e-05
-6.892857689207787e-05
9.62307901797218e-05
0.0001863132020798097
0.0001825194325226302
2.631548747964199e-05
-8.915261913554652e-05
1.793655336670114e-05
2.767596927339544e-05
-0.0001069106067700438
-0.0002274068350756741
-1.030512274711228e-05
6.330599217889861e-05
3.592894457128278e-05
-8.216179117298116e-05
4.159443040010511e-05
0.0001433763653570267
4.43244094011397e-05
5.488907245511874e-05
0.0001116843827415279
0.0002175334927639286
0.0001100803524233678
7.012167139503222e-05
4.079426283670528e-06
0.0001366717857683488
0.0002510635339429122
0.0002762653779250198
0.0001884738672630337
7.257519336058698e-05
0.0002743531161456955
0.0003418798396882805
0.000131645320847217
1.582720777529235e-05
0.0001469922133612925
0.0001665934601659977
0.0001266329244950285
6.372485840049609e-05
0.0002699207470435278
0.0002888343379447805
0.0001884510330729897
-0.000144967162404844
-0.0004441579426433039
-0.0002910943530709757
-0.000269076794602036
-2.322467472993228e-05
2.056587972697489e-05
8.10056245750229e-05
0.0003931783231475788
0.0003099241157255526
-1.242826887553696e-05
-3.272890895349228e-05
8.52755877697568e-07
-7.913811650627311e-05
-0.0001603485314984433
-0.0002544140616984246
-8.611514883977732e-05
-2.303152792492932e-05
2.605240436983325e-07
4.87130140470416e-05
0.0001248982633963378
6.207341553088733e-05
7.794059017015457e-05
0.0003301450357451729
0.0002630670441103592
0.0001163249886115646
3.475175093161863e-05
0.0001382436281742046
0.0001637754735711191
0.0001434017386550797
0.0002227307757438089
0.0003497088433902614
0.0003801936135957402
0.0003496452121987069
0.000414622520466601
0.0004312991689659372
0.000459029627453961
0.0003642937914210087
0.0002747414766949185
0.0002372288245908188
0.0002842002443014277
0.0003297029274468839
0.0004288194705208709
0.0003941332052926772
0.0003932012448989277
0.0005371098726332643
0.0005168187841678829
0.0004725419609677608
0.0002868712169612871
0.0003125707419615604
0.0003241213517038968
0.0001809539795910985
0.0001257450388234187
0.0001451618871270766
0.0002085695822707915
0.0002944280961170738
0.0003680124050166977
0.0004002876897786488
0.0003402747721601412
0.0002171301438786554
0.0001995562063404887
3.700782666208983e-05
-2.176388081552586e-05
4.045327689522629e-06
0.000110788459206827
0.000213911166499217
0.0002852563010493211
0.0003005286743736992
0.0002120462034924831
0.000327726065650987
0.0003239262905325588
0.0003147838550210397
0.0002437882711603646
0.0001901042591086765
0.0001273874281811181
8.519029104637929e-05
0.0001683808618898064
0.0002819358454720017
0.0003968772144665026
0.000368436778293137
0.0003973064796070012
0.0004252381156176864
0.0003893767612326057
0.0002532035158551631
0.0002485626331249933
0.0001881791357621639
0.0002557551897585792
0.0003774568066901122
0.0003501636593036633
0.0003839158386791404
0.0003282533503708147
0.000378614315290023
0.0004228027664684779
0.0004685638594397832
0.0003485815913731968
0.0002614020431473691
0.0002765904480531432
0.0003377733496640521
0.000307561792261998
0.0001928413245192817
0.0002661838244177526
0.0002999454971418542
0.0003341176171288329
0.0003074277387125742
0.0003345031964999633
0.0002919376891889196
0.0003738646617146614
0.0004821912866750082
0.0004427515371951924
0.0003164920959593702
0.0002404652694210993
0.0003616438087277183
0.0003929951200320986
0.0003643903754232228
0.0002462639093662833
0.0003325506443750585
0.0003424063107529414
0.0003190162746108981
0.000271117508622445
0.0002116692370954722
0.0003088318804819411
0.0002973349648401863
0.0003336802697973771
0.0003622677964853406
0.0003659837318146373
0.0003379878261393071
0.0004043487705744731
0.0003810813360163136
0.0003880871501669751
0.0003517094339037279
0.0003272973083029673
0.0003472162576480414
0.0003675034947210781
0.0004496945450392842
0.0003782548100709552
0.0003476147668068853
0.0003039786356439698
0.00042969134185648
0.0004494361757598955
0.0004685095985611802
0.0003845507884528843
0.000196721900037219
0.0001555504919787627
2.580266889166169e-05
-2.647239117445418e-05
1.524415395842095e-05
0.0002654298062262476
0.0003931805435609967
0.0003887854320913954
0.0004017740114772652
0.0003697344063911445
0.0002964954359279819
0.0002138191889531996
0.0001478219370465463
8.293692849583474e-05
0.0001725107520706508
0.0002056667512069379
0.0002350967030982658
0.0002114515796254239
0.0003085456289809437
0.0003896572566603041
0.0003407419263664939
0.0002851697303418685
0.0002937988261266026
0.0003015061353016324
0.0002109184920187727
0.0002765673159582518
0.0001938765900090927
0.0001908443525402181
0.0002111677832304039
0.0002012116007758211
0.0001798290160649167
0.0002422730639051328
0.0003958244108006106
0.0004060344223890356
0.0003729455781353154
0.0002968139370339445
0.000338726625448263
0.0002883969038635933
0.0002690506330826012
0.0002512782765568894
0.000328681929267832
0.0004308608682596667
0.0004299136188532226
0.0003834245782228376
0.0003684909121062527
0.0004627795168467944
0.0004748914890051839
0.0005266436179343869
0.0004215067962100401
0.0003864696276226347
0.0003342392247102386
0.0002860316674661377
0.0002875642692940588
0.0003687062567439112
0.0004455318412864742
0.0003525277264562468
0.0003614845835111494
0.000398097107824313
0.0005405915349471699
0.0003405410907850037
0.0002546723893826283
0.0003223386598554193
0.0002228540546785282
0.0002261463121297557
0.0002387942599633492
0.0002776836534681933
0.0002639621553173249
0.0003608237966913066
0.0004173171962864262
0.0003556549476318942
0.0002922053280950418
0.0003203895220019045
0.0002171832532061149
0.0001584322848765372
0.0001750401911300843
0.0002182634056708048
0.0003111057281539666
0.0002474828553559272
0.0002699969319670901
0.0002424305941823323
0.000246333573955492
0.0002326696753856075
0.0002261561639036032
0.0001999371135650425
0.0001663781751834938
0.0001616279125964646
0.0002075644419337351
0.0003239170331510033
0.0002860681734771211
0.0002261728724100536
0.0002344497001494648
0.0003371560677729126
0.000263142546370465
0.0002301244910698176
0.0001906836149477475
0.0001720850723034747
0.0002467770331218705
0.0002759616861090375
0.0002688503481141626
0.0001695283196905802
0.0002751037499793235
0.0003546597796904584
0.0003765649072866291
0.0002866148531924813
0.000241499582662477
0.0002296774084198028
0.0002252319462154
0.0002697094202617223
0.0002299685702049307
0.0001845059995042195
0.0001519905801010812
0.0002925473208598184
0.0003425100262586595
0.0002829761300571419
0.000144415841156891
0.0001962220779495632
0.0002739771153663458
0.0002795890296493414
0.0002568387036776194
0.000184049493029869
0.0002688378926715173
0.0002584313606374632
0.0002735932651600587
0.0002031372873295916
0.000204508442710669
0.000193211573394768
0.0001797520804262891
0.0001787112009020395
0.0001578237847005484
0.0001699500405322374
0.0001154665249222223
0.000211373528918306
0.0002550064933954087
0.0002887682569732031
0.0002259458505579214
0.0001820437614011243
0.0001230342227528759
0.0001594704803097242
0.0001606404951984623
0.0001396294243515637
0.0002321952516383609
0.0002631285384862502
0.0003938229445061797
0.000327465500994709
0.0001908860708928149
4.530601682939118e-05
1.714377999933694e-05
1.574817971837954e-05
1.254050814807579e-05
8.308710563855948e-05
0.0001740723465256479
0.0002176088044223602
0.0001745982359775177
0.0002357945262846839
0.0002047508511018371
0.0001926491551452477
0.0001455161894082191
0.0001150667959123022
9.473564820863548e-05
4.103739990279932e-05
7.526074526913214e-05
7.518039688515112e-05
7.641806588237125e-05
9.767335244213533e-05
0.0001123691886079076
8.566370672067944e-05
0.0001662673949675109
0.0001953002710199803
0.0001720584279362652
7.716931264523447e-05
2.915488300138276e-05
8.210075925156963e-05
6.712305157444727e-05
8.88477970546108e-05
4.665021106904029e-05
3.82315902292629e-05
7.056430000511336e-05
0.0001321405266287078
9.756651189125097e-05
6.48668361790624e-05
9.57956098300503e-05
0.000111876774208118
0.0001104673776724369
0.0001116361707178418
8.355338221022962e-05
7.763409663035786e-05
0.0001912216236109702
0.0001749760947569532
0.0001876247965939929
0.0001620123718275892
0.0001862050267791962
0.0001688980521540828
9.908122155275169e-05
0.0001614467289128547
0.0002264241666565978
0.0002393362795888353
0.0001524305071034303
0.0001591943620389644
0.0001297523473966009
0.0001632665607045774
0.0001679749993313126
0.0001406169388214645
0.0001630490765424804
0.0001852775103474805
0.0001845681647309688
0.0001762123701740715
0.0001813644677307123
9.960670930848351e-05
0.0001088711427486975
0.0001366848987983794
0.0002021763108859694
9.361229195803682e-05
8.847280829284988e-05
0.0001588457467346174
8.022363760866887e-05
6.155366120448675e-05
3.014006849661628e-05
7.636674889533775e-05
3.739808248507825e-05
6.698272725452134e-05
0.0001075177858490357
6.072295188709734e-05
3.122912964047194e-05
8.156443248560568e-05
3.397525049782099e-05
-5.57065194696987e-05
-2.712549742616101e-05
1.094074509772014e-05
9.558592602859964e-05
3.362954158557989e-05
2.295630621077184e-05
4.232710061152955e-05
7.147644071122904e-05
5.063608923179522e-05
1.28452134382185e-05
1.299075760532261e-05
1.875685411007852e-05
3.15532298670373e-05
-1.262765251920555e-05
8.95352254952074e-05
5.495854330999519e-05
-5.693537152200146e-06
1.188071823540731e-05
4.808905314613294e-05
1.218518726945184e-05
-4.075166143097452e-05
-4.197572221413958e-05
-4.644941090094543e-05
8.627616417060811e-06
1.968604864603551e-05
4.866211140173766e-05
1.711888430594618e-05
0.0001015690058331228
0.0001263988583902147
8.266329610161259e-05
3.925746600980153e-05
1.397448230174883e-06
1.927632468958994e-05
-3.244232872944967e-05
7.681804246619783e-06
3.820998294674405e-05
4.113871776073845e-05
-9.777394194008559e-06
8.679497961390393e-06
1.990679140018041e-05
2.425252580082876e-06
1.83258182827905e-05
5.286824266498219e-05
4.682527346612767e-05
-2.144081669024226e-05
1.862986571014053e-05
3.09203911631386e-05
4.111381015172676e-05
-1.782448676531761e-05
-2.36356708275274e-05
-3.131064470756594e-05
-3.873028840196213e-05
-1.870173631787758e-05
-6.203206993175324e-05
-6.418597026971925e-05
-5.7245749627085e-05
-3.443281664293702e-05
-4.770731258996828e-05
-2.84440031873377e-05
-0.0001072176210128046
-9.117544088837037e-05
-1.815506170979638e-05
1.288053712793074e-05
1.333119469682417e-05
-3.486385165949293e-05
-0.0001188845150335925
-0.0002118210242846263
-0.0002223108771746776
-0.000193409343906328
-8.724611701190274e-05
-2.585595608295553e-05
4.826061815286887e-05
3.737653777386783e-05
2.692847762501572e-05
-4.745693058386857e-05
-0.00014408835505437
-0.0001564467910094192
-0.0001731960219089129
-0.0001344414893950938
-0.0001566249247756387
-0.0001142421251585683
-9.101003733923503e-05
-5.870713665499569e-05
-4.04224166375154e-05
-6.904927999013464e-05
-0.00010756235371789
-0.0001706894576512538
-0.0001574157419919877
-0.0001577766742920856
-0.0001382614386145995
-0.0001389811451168788
-0.0001450626337713653
-0.0001175268766954271
-3.342120143210675e-05
-4.582604570224269e-05
-0.0001169345540584719
-0.0001474310953078875
-0.0001414083497842707
-0.000124556977335057
-0.0001803683913251488
-0.000140678116275059
-0.0001260585084872174
-0.000141252434057471
-0.0001365008115128573
-0.0001102781617333538
-0.0001325631151155235
-0.000174527846094125
-0.0001699201499872361
-0.0001635037351953398
-0.0001718895415259871
-0.0001548477977980216
-7.560209015118528e-05
-6.127906258333674e-05
-5.351406496565496e-05
-6.788003782183741e-05
-4.363097494798998e-05
-8.236291883839634e-05
-9.774439578049085e-05
-6.803082832826393e-05
-0.0001098047352905063
-0.0001397058678227265
-0.0001510727366150102
-0.0001345690997346785
-0.0001699927071532874
-0.0001137719704642985
-9.604225103009069e-05
-8.233889967889045e-05
-7.440095022107021e-05
-0.000102473662816368
-0.0001150487772890286
-0.0001505394851248102
-0.0001193996759008478
-0.0001171997296183206
-0.0001277217624578305
-0.0001610994751305882
-0.0001626855024222091
-0.0001633795348506643
-0.0001151611501315924
-0.0001783593189037962
-0.0002011596442989279
-0.0001153048977297671
-0.0001683046225524055
-0.0001818986622538502
-0.0002004511385863896
-0.0001948527325632197
-0.0002200531870287573
-0.0001772800448288751
-0.0001784103509735878
-0.000232271065505982
-0.0001957788147796378
-0.000194891614294449
-0.0002224166326512277
-0.0002592496034826059
-0.0002208933651444328
-0.0001934417934332085
-0.0002073511924620406
-0.0002440432384291682
-0.0002266120959827256
-0.0002069462904351542
-0.0001873238165281643
-0.000199065197342111
-0.0002282365008413318
-0.0002063080184898402
-0.0001913765556927466
-0.0001922442981727224
-0.0002246055859328508
-0.000188512480487778
-0.0002196315879509091
-0.0002540959337423966
-0.0002409546718653021
-0.0002167141068700546
-0.0002343218356610242
-0.0002767384103963109
-0.0002678547624730835
-0.0002579191225342416
-0.0002229215353373329
-0.0002060863130275374
-0.0001957888552268209
-0.0002130772704928505
-0.0001662882049156618
-0.0001669795456496414
-0.0001932559420051825
-0.0001974749174118532
-0.0002092606584944963
-0.0002302832854494579
-0.0002731682365244492
-0.0002421048099678028
-0.0002316952673449069
-0.0002163353842321378
-0.0002529625183896915
-0.0002462005633778514
-0.0002153507195200629
-0.0002155024974023114
-0.0002359314846023564
-0.000230711108932123
-0.0002027927928980003
-0.0002233456674150915
-0.0002169253421228949
-0.0002255719068957371
-0.0001990044541462572
-0.0002423697973285046
-0.0002642061137951793
-0.0002662882184611598
-0.0002640542026730759
-0.0002769356142209876
-0.0003213760924225443
-0.0003136844264463755
-0.0002982602358447669
-0.0002302788870388317
-0.0002166033854471653
-0.0002318802193061285
-0.0002762073455674824
-0.0003308701817152056
-0.0003916008106652657
-0.0004420301517982767
-0.000428917434693737
-0.0003846859026544085
-0.0003097312976521426
-0.0002706753594302624
-0.000206028804598907
-0.0001897200857835624
-0.0002192797675993371
-0.0002861289116698829
-0.0003136713243267306
-0.0003373901941402635
-0.0003428807459298155
-0.0003245931771599201
-0.0003519176523581316
-0.0002913458246076209
