# Data file generated by gp_save.m
# 
-13.95229671735093
-13.77439960563138
-14.5358541159936
-15.31678359387302
-14.95977385411776
-14.46696124449954
-16.26840927129912
-14.48226910059596
-16.28100653035209
-14.51985258559215
-16.30909782476365
-13.95566407316577
-13.76922606800029
-15.13299174821186
-15.25133560389751
-14.81079355847737
-14.42372185362211
-16.28457198616716
-16.35971149023364
-16.371432361865
-16.34736454106798
-16.33274650680602
-14.05698544327676
-13.83867003469837
-15.31113160287048
-15.01269602886323
-14.8984816198447
-14.37946974372308
-17.95481765915428
-17.96317474644614
-17.83224594314973
-17.80888686942428
-17.75064047825238
-14.12998431267319
-13.92922327981068
-15.2975712050185
-15.22537064209441
-18.14996151492521
-14.72212925613731
-15.84874199650101
-18.22780394957213
-14.79179473913533
-19.22349760752063
-19.33040304581059
-14.09390333729175
-13.90229733597521
-14.86309582092359
-14.63306416585277
-14.65759448260112
-14.68037071598476
-16.43578441126367
-14.83465700682258
-14.7969307462847
-14.85044729577003
-14.79121792326486
