# Data file generated by gp_save.m
# 
-15.63449396925435
-15.44162245891792
-15.42274067259939
-14.58355714464898
-14.45674963099276
-14.72012835003885
-14.52617389566694
-13.3946804844435
-14.27936380907774
-13.47696386159348
-14.57111277605707
-15.6904823570174
-15.60301431923394
-15.57966797411456
-15.58764607596504
-14.9688764672749
-14.54082554540935
-13.33107099852675
-14.70262175375553
-14.26427867878884
-14.31950149479528
-14.35614909079258
-15.60271084693776
-15.86839970570951
-15.40539655461303
-15.38832448207516
-15.26100343673277
-14.84071869049572
-14.98435460677248
-14.84465186451992
-14.83647640276786
-14.78272758560192
-15.18054796221658
-15.69258141062487
-15.62272584892501
-15.60625555901407
-14.70885385856644
-14.5942391906814
-14.85850323067373
-14.24375580016976
-14.26401077173293
-14.26420494733517
-14.2634307164338
-14.34125629319988
-15.52838426441245
-15.55235092401168
-15.51046544256967
-15.525657934087
-14.59919255425366
-14.80522449367424
-14.60122192531933
-14.7278960254514
-14.72268412927954
-14.72473589943519
-14.76231613196636
