# Data file generated by gp_save.m
# x/m y/m phi/deg phi_error/deg phi_std/deg
-2	-3.1	-34.28076520121244	8.277419356700992	0.9272724311889268
-2	-2.95	-36.45796644745666	9.603545106938064	0.8586690514286173
-2	-2.8	-36.78071461350909	9.022174012449053	0.5015862077642355
-2	-2.65	-34.48764347659868	5.767316678729195	0.8202506657058589
-2	-2.5	-33.41890633561044	3.67402503866824	0.8043520462614091
-2	-2.35	-33.97692380966861	3.13909186498136	0.7733042794994469
-2	-2.2	-33.64196987486048	1.636586666776978	0.3972589058434117
-2	-2.05	-34.47188132894625	1.217514754234188	0.2168992486510921
-2	-1.9	-35.2080745889044	0.6157859013944531	0.4671283235535678
-2	-1.75	-37.90526135142404	1.877887966320429	0.2917609894835567
-2	-1.6	-41.89534388289199	4.326751854064504	0.09800446646349258
-2	-1.45	-43.797749997298	4.57207589996127	1.367294967423007
-2	-1.3	-44.20614273650965	3.197055834939455	1.431149826990405
-2	-1.15	-49.62985590153683	6.699886554577922	0.4584639427917249
-2	-1	-52.9124800846844	7.912480084684397	3.130243539849032
-2	-0.8500000000000001	-54.09785039081619	6.866675782784952	2.272061038937589
-2	-0.7000000000000002	-57.02116840155243	7.385704974649791	0.4647331283714667
-2	-0.5500000000000003	-63.20661675765626	10.98230106361095	0.6088103691790953
-2	-0.4000000000000004	-66.86463779816768	11.85665799672636	0.5361212640824565
-2	-0.25	-74.72254736089437	16.72793056897786	0.5752827868496593
-2	-0.1	-81.43123676272509	20.24203050569816	0.1650418532047524
-1.851851851851852	-3.1	-32.30461187639604	7.997289138064506	0.469256894697707
-1.851851851851852	-2.95	-32.40812498938838	7.289849163284888	0.435227327108473
-1.851851851851852	-2.8	-34.04968047347266	8.068343531774946	0.4523050788145365
-1.851851851851852	-2.65	-36.8949029148602	9.993639974416734	0.3344162822410661
-1.851851851851852	-2.5	-38.22125583546633	10.33791521501813	0.4093093809424822
-1.851851851851852	-2.35	-35.63737806555171	6.703929280380716	0.6966855953861726
-1.851851851851852	-2.2	-34.11505932846963	4.056933848982975	1.217870498701417
-1.851851851851852	-2.05	-34.63604621906175	3.371406739344497	0.6544938385696459
-1.851851851851852	-1.9	-34.84360224963802	2.282538009814026	0.0581091467591953
-1.851851851851852	-1.75	-34.40477410420173	0.4484229206276993	0.2592333782033995
-1.851851851851852	-1.6	-35.53218110009115	0.07178378392984541	0.4805601751731266
-1.851851851851852	-1.45	-39.63919501500621	2.555095621697461	0.1368181177855505
-1.851851851851852	-1.3	-43.32516554149527	4.485782464582577	0.8225189558473225
-1.851851851851852	-1.15	-41.58896248616746	0.8497721278370491	2.200840809911604
-1.851851851851852	-1	-48.53117833643125	5.733776498197066	1.424047985172797
-1.851851851851852	-0.8500000000000001	-51.16886276344378	6.140200544967712	0.3578077534889363
-1.851851851851852	-0.7000000000000002	-53.71856123302641	6.270493165403757	1.919646291921948
-1.851851851851852	-0.5500000000000003	-56.81620750504371	6.745539538779852	0.8573080913921841
-1.851851851851852	-0.4000000000000004	-62.27391100563733	9.363191546862915	0.4535361802190666
-1.851851851851852	-0.25	-69.54536497799266	13.56471496781911	1.134870079165249
-1.851851851851852	-0.1	-79.18597631292566	19.8962881127094	0.3702733834766921
-1.703703703703704	-3.1	-27.61879557819879	5.054079271539681	0.1865280073559369
-1.703703703703704	-2.95	-27.70043448958439	4.369057657793977	0.0753241951589709
-1.703703703703704	-2.8	-33.40442906469418	9.255680310773165	0.7407797230767597
-1.703703703703704	-2.65	-34.18416977049357	9.162502307165351	0.8848650331506401
-1.703703703703704	-2.5	-36.25267556362066	10.29713096321789	0.36450788660639
-1.703703703703704	-2.35	-37.7470908336655	10.79064663385319	0.7767910459703811
-1.703703703703704	-2.2	-39.89418647726998	11.86301860601843	0.2288327588127751
-1.703703703703704	-2.05	-37.20083607080967	8.013487006234879	0.2281036911692745
-1.703703703703704	-1.9	-35.69604263001357	5.26248686445896	0.2658736959883738
-1.703703703703704	-1.75	-34.96106088102424	3.181661068361883	0.4652537452129398
-1.703703703703704	-1.6	-34.20339929347121	0.9677501005744986	0.2891182220797066
-1.703703703703704	-1.45	-33.85133040793913	0.9630064481625453	0.3521515029750911
-1.703703703703704	-1.3	-36.897130393828	0.3682750268428379	0.8519076974415418
-1.703703703703704	-1.15	-40.92309409759655	2.529073530930354	1.733813699961133
-1.703703703703704	-1	-7.793461002570965	32.63261773752817	26.62838678989342
-1.703703703703704	-0.8500000000000001	-45.14812121674612	2.50550118905268	1.824546550725341
-1.703703703703704	-0.7000000000000002	-47.25931529986465	2.196969536100262	0.9110881824924786
-1.703703703703704	-0.5500000000000003	-47.51525428133782	0.1893655044867657	2.411476730622564
-1.703703703703704	-0.4000000000000004	-51.84884776875634	1.260131548738322	2.604160437042581
-1.703703703703704	-0.25	-60.07954861061089	6.346883586796125	0.7051069201558404
-1.703703703703704	-0.1	-75.21088909911282	18.05928586282918	0.1873368134070415
-1.555555555555556	-3.1	-27.53505081545197	6.758115488084218	0.4599560879546536
-1.555555555555556	-2.95	-28.74444879646347	7.249356476541955	0.9502789001001779
-1.555555555555556	-2.8	-29.93256987158318	7.670500727457579	0.4359353453475451
-1.555555555555556	-2.65	-27.32173410624535	4.239020171996494	0.3951559248842055
-1.555555555555556	-2.5	-31.37806321044209	7.415574235863915	0.2257429961694393
-1.555555555555556	-2.35	-34.4927326946798	9.585172238783624	1.388958397375283
-1.555555555555556	-2.2	-38.12506022188353	12.20015871432908	0.7542140238494766
-1.555555555555556	-2.05	-39.02784851676792	12.00543871253062	0.621245515961637
-1.555555555555556	-1.9	-44.04261794071247	15.83357727052869	2.539910881280667
-1.555555555555556	-1.75	-40.83078388649331	11.3358280688056	1.444040205022056
-1.555555555555556	-1.6	-37.39410486612589	6.502418458951773	0.2420219051682229
-1.555555555555556	-1.45	-35.28826922554208	2.875962607190871	0.3693550022706394
-1.555555555555556	-1.3	-33.57830503328201	0.4933047741121754	0.343771962073228
-1.555555555555556	-1.15	-33.28811618187297	2.598156600035438	0.9070967880574961
-1.555555555555556	-1	-35.44831020069896	2.426673450399228	0.6996083734568435
-1.555555555555556	-0.8500000000000001	-14.06389486399572	25.99459886224997	22.63735602120184
-1.555555555555556	-0.7000000000000002	7.451513015076789	49.91104561046644	37.28180052682563
-1.555555555555556	-0.5500000000000003	-39.75619621443971	5.34630059842965	3.604848642750219
-1.555555555555556	-0.4000000000000004	-34.23230714500944	13.78048035917389	4.417555238108934
-1.555555555555556	-0.25	-33.34433175011014	17.87130414959251	1.727149372472249
-1.555555555555556	-0.1	-59.84125398026065	5.107021639606302	0.7359594375218314
-1.407407407407407	-3.1	-28.55807961619418	9.612265994958907	0.5814946919852076
-1.407407407407407	-2.95	-29.22110339329496	9.60983159667806	1.637606302184511
-1.407407407407407	-2.8	-28.25619042966975	7.933053600006819	1.534231597522943
-1.407407407407407	-2.65	-27.85085370632317	6.764659876866347	0.7826741478249768
-1.407407407407407	-2.5	-28.30250071417209	6.396632310716232	0.4028750596806296
-1.407407407407407	-2.35	-29.83213532284229	7.043806713191369	0.5875339858739455
-1.407407407407407	-2.2	-29.18863602434991	5.448031489443327	0.2694067807778727
-1.407407407407407	-2.05	-35.98656586618099	11.21583758639452	0.9767347753443373
-1.407407407407407	-1.9	-36.09817515194015	10.21027791730037	2.841560010779983
-1.407407407407407	-1.75	-44.11328753128862	17.01062417446279	2.235479663696994
-1.407407407407407	-1.6	-51.28728930239534	22.86013884346197	0.5446671997553308
-1.407407407407407	-1.45	-44.66158332305683	14.78628343773627	0.3549276931119065
-1.407407407407407	-1.3	-37.85864505948107	6.395503330787285	0.2047460338170979
-1.407407407407407	-1.15	-35.05863261016776	1.849549735544116	0.6606451554766757
-1.407407407407407	-1	-34.31815356792551	0.8160394889901283	0.3265509292965909
-1.407407407407407	-0.8500000000000001	-31.08738172554092	6.175071683318443	2.225997729565559
-1.407407407407407	-0.7000000000000002	-28.99390207082409	10.6270034183498	4.808548247079742
-1.407407407407407	-0.5500000000000003	21.2562030110984	63.4958015948967	26.06320176043495
-1.407407407407407	-0.4000000000000004	-20.58334079613682	24.56783505228808	0.3020671906987497
-1.407407407407407	-0.25	-8.926452807574211	39.46341299324369	0.02583235470566347
-1.407407407407407	-0.1	8.697271267292525	60.68683685313275	0.03207630965308517
-1.259259259259259	-3.1	-28.89424385149517	11.82061565043787	0.4779317156735133
-1.259259259259259	-2.95	-27.49001779856869	9.807746044847626	0.2755172295237956
-1.259259259259259	-2.8	-27.31723389392599	8.982862696506707	0.5643616624328162
-1.259259259259259	-2.65	-29.11013565609949	10.07557141420519	1.460636199054164
-1.259259259259259	-2.5	-29.12228746926593	9.334146692564236	1.409067289429422
-1.259259259259259	-2.35	-30.57781285352222	9.97665832072579	1.071508281187068
-1.259259259259259	-2.2	-30.71994680654976	9.239390331515786	0.3605490211994554
-1.259259259259259	-2.05	-30.21934999053799	7.784995681741403	0.6598018311805099
-1.259259259259259	-1.9	-29.85324473716379	6.381441532763954	0.4723314774324628
-1.259259259259259	-1.75	-31.58362479190683	6.979991282599176	1.17710267803996
-1.259259259259259	-1.6	-36.38412022863542	10.54179857800125	4.134441120482737
-1.259259259259259	-1.45	-46.53826296070088	19.33585267417473	0.8210701211560056
-1.259259259259259	-1.3	-64.20416827419166	35.50328585462075	1.072697706416806
-1.259259259259259	-1.15	-65.01912977776206	34.66153924597216	0.3306764433702074
-1.259259259259259	-1	-44.76857165508945	12.57283772037621	1.678437427402047
-1.259259259259259	-0.8500000000000001	-34.32360270782466	0.08124043630347444	0.7887680073732927
-1.259259259259259	-0.7000000000000002	-30.09631241948741	6.432542947497751	0.17224314350971
-1.259259259259259	-0.5500000000000003	-20.55844155603177	18.53284015407888	3.451361915327848
-1.259259259259259	-0.4000000000000004	-17.07655549776659	24.89390384662309	1.298168421815667
-1.259259259259259	-0.25	-2.087458917195266	43.12396366384405	0.3047246053490665
-1.259259259259259	-0.1	20.22579359603248	69.08762485144777	2.310666657056573
-1.111111111111111	-3.1	-19.63568281603217	4.472573773866394	0.2903583680734282
-1.111111111111111	-2.95	-20.18017554443311	4.469204065226691	0.09093101668784934
-1.111111111111111	-2.8	-21.53851684058544	5.239720459048119	0.1149225178560915
-1.111111111111111	-2.65	-25.01597370817184	8.084990485982097	1.080884689478675
-1.111111111111111	-2.5	-27.22635756139987	9.613779718476039	0.9299189741021128
-1.111111111111111	-2.35	-27.69426831515261	9.344878083956015	0.4890524154377039
-1.111111111111111	-2.2	-28.20245193371915	9.054314475779545	1.629465923969894
-1.111111111111111	-2.05	-30.07113808943719	10.05452036825093	3.467302305062869
-1.111111111111111	-1.9	-28.46629844754182	7.50237559063865	3.398315637329979
-1.111111111111111	-1.75	-30.99090025907918	8.990201908538594	2.178256578894376
-1.111111111111111	-1.6	-31.9325647848823	8.793103021670607	1.292710480938736
-1.111111111111111	-1.45	-32.24581843178319	7.850826021530793	1.250888292639775
-1.111111111111111	-1.3	-32.34770038087789	6.562893686400265	1.505331852502742
-1.111111111111111	-1.15	-53.06774225023874	25.73800841531151	12.47710089445563
-1.111111111111111	-1	-62.62944254904751	33.57483844997037	4.933669829388328
-1.111111111111111	-0.8500000000000001	-80.58905433947345	49.60000165914815	1.612468252827649
-1.111111111111111	-0.7000000000000002	-63.71250351186668	30.5440826906072	1.289120935617733
-1.111111111111111	-0.5500000000000003	-49.04892178652144	13.41423125367447	0.3218576115835916
-1.111111111111111	-0.4000000000000004	-37.00587131406739	1.431430176995129	1.237854705201734
-1.111111111111111	-0.25	-8.70329707120119	32.930242265369	0.8596998794997852
-1.111111111111111	-0.1	-1.651181424253438	43.63673464230364	0.3109244464941694
-0.962962962962963	-3.1	-15.66447643701267	2.447037553665446	0.9321275511143704
-0.962962962962963	-2.95	-16.80961584899556	3.108838754696395	0.2611321278995677
-0.962962962962963	-2.8	-16.77647323572788	2.556421756480228	0.4935700712841588
-0.962962962962963	-2.65	-19.23794928261791	4.458620402006911	1.483670749803516
-0.962962962962963	-2.5	-20.00273703855899	4.619440071677683	1.374956489791973
-0.962962962962963	-2.35	-20.98718632420904	4.949802824492835	0.1682020874509177
-0.962962962962963	-2.2	-22.07420132694882	5.326298268548861	1.043795841748918
-0.962962962962963	-2.05	-25.2945065225572	7.772268040413014	1.376532360702603
-0.962962962962963	-1.9	-29.63439375810898	11.26532736630361	2.175683771231582
-0.962962962962963	-1.75	-33.85515585727034	14.55651698974874	1.53977131290824
-0.962962962962963	-1.6	-31.61420320566197	11.29106637599903	1.021522476734321
-0.962962962962963	-1.45	-32.05074659671376	10.59363157601077	0.4211737988256902
-0.962962962962963	-1.3	-34.51870588013323	11.80064213739614	0.9282807727982741
-0.962962962962963	-1.15	-40.00403517377689	15.87691674863929	1.428857404506638
-0.962962962962963	-1	-41.34780286370597	15.63784908289471	1.592230151048431
-0.962962962962963	-0.8500000000000001	-40.77763163639782	13.27972923362765	1.581645233931922
-0.962962962962963	-0.7000000000000002	-38.65150415413483	9.122171445812629	5.048013502556318
-0.962962962962963	-0.5500000000000003	-44.02191160384136	12.17061521100989	1.375365255425507
-0.962962962962963	-0.4000000000000004	-32.97995399025035	1.541432890222346	13.54435501696121
-0.962962962962963	-0.25	-16.81923857745936	20.79035221325293	23.82545737439909
-0.962962962962963	-0.1	-32.41121241667571	8.788367605666032	0.6134584667815347
-0.8148148148148149	-3.1	-13.38091459088163	2.140672865567151	0.6913071625733053
-0.8148148148148149	-2.95	-13.65167466848319	1.996062712287854	0.8945862130407589
-0.8148148148148149	-2.8	-13.60527298397686	1.502888673315317	1.175371958628754
-0.8148148148148149	-2.65	-13.90038291402776	1.316184275721142	1.194826877400621
-0.8148148148148149	-2.5	-15.8411200488526	2.735851058633878	1.495515944190202
-0.8148148148148149	-2.35	-20.29220221838314	6.621703286990059	0.8834058945675295
-0.8148148148148149	-2.2	-22.20821080149588	7.922585754901055	0.488445309556113
-0.8148148148148149	-2.05	-22.07987952938284	7.122482781736981	2.146465307510467
-0.8148148148148149	-1.9	-19.21212911604538	3.518325968477694	1.411948962990901
-0.8148148148148149	-1.75	-21.40624804539803	4.901886663643019	1.038805451228074
-0.8148148148148149	-1.6	-24.34172278279584	6.941237096457737	0.4338719322936882
-0.8148148148148149	-1.45	-26.87126818614134	8.475304918223294	1.514588473357051
-0.8148148148148149	-1.3	-29.05465650117415	9.547084370508085	2.901089974949637
-0.8148148148148149	-1.15	-34.71092891441659	13.95504062873271	3.451071772012292
-0.8148148148148149	-1	-38.460567877965	16.29422205588255	0.561183279528903
-0.8148148148148149	-0.8500000000000001	-40.75348114734148	16.98284784696013	1.570490054474311
-0.8148148148148149	-0.7000000000000002	-49.14459306346858	23.53606093289508	1.826854503428081
-0.8148148148148149	-0.5500000000000003	-50.38536163761281	22.65504138570311	3.944831251728108
-0.8148148148148149	-0.4000000000000004	-48.01508933695747	17.81523126581396	15.77938674546874
-0.8148148148148149	-0.25	-40.77302703973097	7.67463327789855	34.55246287548856
-0.8148148148148149	-0.1	-33.91131464954812	2.617540717437045	35.09922156460401
-0.6666666666666667	-3.1	-13.94916802222002	4.713608929054093	0.8921572712766559
-0.6666666666666667	-2.95	-14.90113063909806	5.321238597086026	1.035747609599612
-0.6666666666666667	-2.8	-14.59467176151755	4.644045073565952	1.100581878308561
-0.6666666666666667	-2.65	-14.41487591703067	4.063990262100141	1.445308738690984
-0.6666666666666667	-2.5	-14.0687633478647	3.284465480302103	1.745871098240519
-0.6666666666666667	-2.35	-14.13359428865914	2.878490295044603	0.8884372349537101
-0.6666666666666667	-2.2	-12.82952794189463	1.06123900987399	0.7674749974672628
-0.6666666666666667	-2.05	-13.04870592779994	0.7189562927276274	0.1827251465078595
-0.6666666666666667	-1.9	-14.96363374671847	2.017124231081542	1.115137819650742
-0.6666666666666667	-1.75	-15.07080140605975	1.443806546168215	1.439282925268835
-0.6666666666666667	-1.6	-17.85931574683549	3.477921155744886	3.298222992562885
-0.6666666666666667	-1.45	-22.9517068210589	7.729573594790477	2.096507008617418
-0.6666666666666667	-1.3	-25.84710839613403	9.682609243877121	1.207751294052369
-0.6666666666666667	-1.15	-28.62061065805159	11.39312243160064	1.073761121326378
-0.6666666666666667	-1	-30.84298007112056	12.40803124819856	0.7808853467788773
-0.6666666666666667	-0.8500000000000001	-36.96822256887468	17.15107004925571	1.231281725980694
-0.6666666666666667	-0.7000000000000002	-43.32847384199228	21.91550436712052	1.289013056026661
-0.6666666666666667	-0.5500000000000003	-42.26998479224541	18.99708072816343	4.24189941641919
-0.6666666666666667	-0.4000000000000004	-50.18037538376407	24.71703032189245	0.3703429455955267
-0.6666666666666667	-0.25	-65.9849645840107	37.91247764815773	4.842571343035912
-0.6666666666666667	-0.1	-60.19225884098019	28.97385607663383	3.522384510658794
-0.5185185185185186	-3.1	-10.24565300745414	3.037839346948283	0.8059968969703895
-0.5185185185185186	-2.95	-10.50691639658378	3.028430799980198	0.7502458157096448
-0.5185185185185186	-2.8	-10.0614580541711	2.291308060504939	0.5702011786284491
-0.5185185185185186	-2.65	-10.84366312633498	2.758332630271211	0.8097980378082084
-0.5185185185185186	-2.5	-11.24088676229218	2.813917740811506	0.2756939033227503
-0.5185185185185186	-2.35	-10.61878850576889	1.820273092967222	0.675737509183875
-0.5185185185185186	-2.2	-11.02857281304756	1.824531858579244	1.161609967035908
-0.5185185185185186	-2.05	-12.65273098660415	3.004347562518785	0.6709181874378902
-0.5185185185185186	-1.9	-15.5516902253099	5.414355959723743	0.5221432497173535
-0.5185185185185186	-1.75	-17.7774619811335	7.099579306819459	1.514146620767069
-0.5185185185185186	-1.6	-20.04904492219729	8.770507392713434	1.552357926816807
-0.5185185185185186	-1.45	-22.47557779994462	10.52582057845077	1.750218929300307
-0.5185185185185186	-1.3	-21.5422770129344	8.83774587600624	1.784730980004313
-0.5185185185185186	-1.15	-24.36088793560098	10.80171040444694	0.7037553221023346
-0.5185185185185186	-1	-27.11943869510547	12.58498361456534	0.7928297383745027
-0.5185185185185186	-0.8500000000000001	-28.91425331433707	13.25711654906961	0.8266481996222826
-0.5185185185185186	-0.7000000000000002	-31.86094523953587	14.89866833666341	1.080599019546975
-0.5185185185185186	-0.5500000000000003	-39.05297270981971	20.55643761948773	0.4924279443608918
-0.5185185185185186	-0.4000000000000004	-43.98423606649187	23.66109923682894	2.631410715335889
-0.5185185185185186	-0.25	-61.87737071538037	39.34797271244352	3.132715432415571
-0.5185185185185186	-0.1	-68.56621272621902	43.32793831304512	3.658346544336516
-0.3703703703703705	-3.1	-7.170183209195869	2.008422739445057	0.3010223089646177
-0.3703703703703705	-2.95	-7.945600251296019	2.588943098246967	0.4678301352122745
-0.3703703703703705	-2.8	-8.152182009817356	2.585381067280927	0.2851920359131329
-0.3703703703703705	-2.65	-9.413131127631775	3.61908362394226	0.4382447857949379
-0.3703703703703705	-2.5	-10.47307583906975	4.432510656172486	0.5428148297780463
-0.3703703703703705	-2.35	-9.977662676276012	3.668759199546357	0.3492087233788941
-0.3703703703703705	-2.2	-9.72788234299162	3.125802113343637	0.3940373553894365
-0.3703703703703705	-2.05	-10.5092208972828	3.585527107784206	0.9028233407187425
-0.3703703703703705	-1.9	-10.96159163968957	3.683522818296215	0.09513495707373197
-0.3703703703703705	-1.75	-12.0498632923863	4.379415188074303	0.1859491988063013
-0.3703703703703705	-1.6	-12.47503162305886	4.367783587400838	0.8109230809595559
-0.3703703703703705	-1.45	-11.90365214675421	3.307248384999406	0.8012180912923523
-0.3703703703703705	-1.3	-14.78905595480654	5.641213435004815	0.3987194116104506
-0.3703703703703705	-1.15	-17.03777670953451	7.263632935841938	1.281535017818908
-0.3703703703703705	-1	-19.45032779784566	8.95885078551407	1.155755324068972
-0.3703703703703705	-0.8500000000000001	-23.12070504610226	11.7997435482504	0.8126547832532848
-0.3703703703703705	-0.7000000000000002	-28.34963165001503	16.0589486449192	0.6814549731065711
-0.3703703703703705	-0.5500000000000003	-34.89898546895439	21.46022424392596	0.496970924415508
-0.3703703703703705	-0.4000000000000004	-40.34407037736325	25.52592312648245	0.4360582163248158
-0.3703703703703705	-0.25	-53.17105329738001	36.66669191562499	0.9485418724975742
-0.3703703703703705	-0.1	-70.04272960126139	51.4343329342714	2.699131147999199
-0.2222222222222223	-3.1	-5.264093980940468	2.161667298769772	0.2439736910877462
-0.2222222222222223	-2.95	-5.821829067733421	2.601832104814066	0.182836480183326
-0.2222222222222223	-2.8	-6.282946217284763	2.936127575544555	0.3746502192439763
-0.2222222222222223	-2.65	-7.206494955581134	3.72246795444778	0.3687255541497553
-0.2222222222222223	-2.5	-7.518968472238927	3.886017732750726	0.9058422994474969
-0.2222222222222223	-2.35	-7.826353633034675	4.031198703234319	0.4023696039297905
-0.2222222222222223	-2.2	-8.224911421476792	4.252415480726132	0.4635851690732924
-0.2222222222222223	-2.05	-8.876239851223747	4.70904746307112	0.7884978208656409
-0.2222222222222223	-1.9	-10.40250900464075	6.020591161474558	0.5429982266338776
-0.2222222222222223	-1.75	-10.38259807550568	5.762674593845285	0.2017963368925652
-0.2222222222222223	-1.6	-9.370576537416895	4.485373969299591	1.26581215209458
-0.2222222222222223	-1.45	-7.984881586570552	2.802167211388337	1.785641576987373
-0.2222222222222223	-1.3	-9.223221512963951	3.704527397907728	0.863170033217056
-0.2222222222222223	-1.15	-11.42869558360641	5.527605671402047	0.5835623934621457
-0.2222222222222223	-1	-12.9322890185846	6.592097272674687	0.4331418298323823
-0.2222222222222223	-0.8500000000000001	-14.37764098349706	7.52808299073051	0.7460189916894604
-0.2222222222222223	-0.7000000000000002	-17.89987585950327	10.45245900930811	0.3312181025245136
-0.2222222222222223	-0.5500000000000003	-22.41617574353809	14.25732488225475	0.555100315976817
-0.2222222222222223	-0.4000000000000004	-30.65271998764484	21.63339755626316	0.6100742342604061
-0.2222222222222223	-0.25	-42.72689301974803	32.64629503220571	0.3525560783917738
-0.2222222222222223	-0.1	-65.14456636282351	53.72338008782422	0.625986363657834
-0.07407407407407418	-3.1	-0.8938063283046424	0.1412351666064809	0.0619748554922064
-0.07407407407407418	-2.95	-0.9555856604634702	0.1187521638596861	0.05273218508632724
-0.07407407407407418	-2.8	-1.076911643465317	0.03982371731525136	0.03652436581104537
-0.07407407407407418	-2.65	-1.295509131103457	0.1328928842869253	0.2453286817763442
-0.07407407407407418	-2.5	-1.696924077572871	0.4844959876279467	0.2391335071826665
-0.07407407407407418	-2.35	-2.09640553924313	0.8297069331899678	0.1987251275979867
-0.07407407407407418	-2.2	-2.596284939037276	1.270230562332378	0.1713437049137256
-0.07407407407407418	-2.05	-2.784497019483192	1.393251884784638	0.119375803056675
-0.07407407407407418	-1.9	-2.977523519375101	1.514347942862332	0.2867147763536932
-0.07407407407407418	-1.75	-3.545695161811189	2.002747590991374	0.4024281671135686
-0.07407407407407418	-1.6	-3.737165553519072	2.105248599693057	0.4657004392796624
-0.07407407407407418	-1.45	-4.413455666911707	2.681684516695166	0.3801860396826289
-0.07407407407407418	-1.3	-5.574307219270122	3.72967011395539	0.2784205579572311
-0.07407407407407418	-1.15	-6.294821284384392	4.321586991070313	0.5874661074270405
-0.07407407407407418	-1	-8.221356895779909	6.100260499118454	0.7282954295845341
-0.07407407407407418	-0.8500000000000001	-9.078832468179991	6.785931968636309	0.8684082545995169
-0.07407407407407418	-0.7000000000000002	-8.303874678229452	5.808904740125318	0.7098613427859902
-0.07407407407407418	-0.5500000000000003	-9.98191318531768	7.245845289732484	0.8113856585480019
-0.07407407407407418	-0.4000000000000004	-11.74012760529063	8.711429026950054	0.8652715055621775
-0.07407407407407418	-0.25	-15.94525501652452	12.55391559672816	0.2468096067246558
-0.07407407407407418	-0.1	-37.1690227443876	33.31653733740693	0.5663321414575477
0.07407407407407396	-3.1	1.238369073115594	0.2033275782044708	0.08883693679447102
0.07407407407407396	-2.95	1.328541727392092	0.2542039030689358	0.2512312045650962
0.07407407407407396	-2.8	1.754598986373068	0.6378636255924994	0.4945257896789325
0.07407407407407396	-2.65	2.061372499411948	0.8987562525954165	0.3256518222240864
0.07407407407407396	-2.5	1.901990346980244	0.6895622570353197	0.301353257522942
0.07407407407407396	-2.35	1.830160131870864	0.5634615258177023	0.2966977887439328
0.07407407407407396	-2.2	1.391270050458302	0.0652156737534042	0.265360544901123
0.07407407407407396	-2.05	1.603059640937587	0.2118145062390211	0.274551366542623
0.07407407407407396	-1.9	2.64284129930035	1.17966572278758	0.7764146401408337
0.07407407407407396	-1.75	3.024439508982367	1.481491938162553	0.5306839308107484
0.07407407407407396	-1.6	3.477049356662468	1.845132402836453	0.2139885863169926
0.07407407407407396	-1.45	3.678385802100721	1.94661465188418	0.554063410839867
0.07407407407407396	-1.3	4.902691082691405	3.058053977376672	0.7665329212862997
0.07407407407407396	-1.15	4.298518293676635	2.325284000362555	1.256416078499658
0.07407407407407396	-1	6.657752104824101	4.536655708162645	0.6623612627820389
0.07407407407407396	-0.8500000000000001	6.533730603560213	4.240830104016529	1.170191931640556
0.07407407407407396	-0.7000000000000002	6.007252799251783	3.512282861147649	0.7845285846115377
0.07407407407407396	-0.5500000000000003	8.574962976535712	5.838895080950516	0.8278819772414119
0.07407407407407396	-0.4000000000000004	10.14108364224279	7.112385063902213	0.7201387811245089
0.07407407407407396	-0.25	16.2498818443986	12.85854242460226	0.5127595046023756
0.07407407407407396	-0.1	37.20966689920761	33.35718149222694	0.4389359241165393
0.2222222222222223	-3.1	5.424545423136662	2.322118740965965	0.5085746495084756
0.2222222222222223	-2.95	5.681863056217597	2.461866093298242	0.4080986767402726
0.2222222222222223	-2.8	6.244404493482806	2.897585851742585	0.4347099438712171
0.2222222222222223	-2.65	6.458806522407789	2.974779521274423	0.4072354599338795
0.2222222222222223	-2.5	6.4800101666548	2.847059427166587	0.7207347627299602
0.2222222222222223	-2.35	6.808054304099374	3.012899374299017	0.7299069274751483
0.2222222222222223	-2.2	7.028879411028413	3.056383470277753	0.7211263897665356
0.2222222222222223	-2.05	7.961642500558648	3.794450112406008	0.2784574143640633
0.2222222222222223	-1.9	8.521862815286479	4.13994497212027	0.8226629099551049
0.2222222222222223	-1.75	9.152065596375602	4.532142114715193	0.4049581932010035
0.2222222222222223	-1.6	7.323896674478236	2.438694106360932	0.6228022826506809
0.2222222222222223	-1.45	7.104369098657074	1.921654723474846	0.543436525515327
0.2222222222222223	-1.3	9.013902401932503	3.495208286876267	0.9361417063892229
0.2222222222222223	-1.15	10.73248966043235	4.831399748227971	0.5014248392632888
0.2222222222222223	-1	12.39555828233102	6.05536653642111	0.4955766134700704
0.2222222222222223	-0.8500000000000001	14.13547147882656	7.285913486059988	0.4187880212575028
0.2222222222222223	-0.7000000000000002	18.04266664530119	10.59524979510602	1.051267718139616
0.2222222222222223	-0.5500000000000003	22.87227796865411	14.71342710737076	0.3535773198153729
0.2222222222222223	-0.4000000000000004	31.08024865211864	22.06092622073695	0.4549256501907776
0.2222222222222223	-0.25	42.72195238244821	32.64135439490587	0.6727491298497046
0.2222222222222223	-0.1	65.42404986750537	54.00286359250608	0.69246441929031
0.3703703703703702	-3.1	6.235153142628097	1.073392672877285	0.4066337995826028
0.3703703703703702	-2.95	6.713895759977983	1.357238606928918	0.323983740644877
0.3703703703703702	-2.8	7.179989332696212	1.613188390159783	0.4759690775745521
0.3703703703703702	-2.65	8.142245869752561	2.348198366063046	0.1615475775523317
0.3703703703703702	-2.5	8.8776986068964	2.837133423999136	0.5622235318943543
0.3703703703703702	-2.35	9.530622767370001	3.221719290640347	0.6698661958405154
0.3703703703703702	-2.2	9.737126546242319	3.135046316594336	0.7082062891302865
0.3703703703703702	-2.05	10.64370546943369	3.720011679935101	0.3500856547611803
0.3703703703703702	-1.9	10.41147536719438	3.133406545801021	0.3812832243734718
0.3703703703703702	-1.75	10.960850263999	3.290402159687002	0.5949471834458686
0.3703703703703702	-1.6	11.18461711225493	3.077369076596892	0.9990034641325302
0.3703703703703702	-1.45	12.41362713193816	3.817223370183353	1.270596431818865
0.3703703703703702	-1.3	14.48950675735159	5.341664237549869	0.5342670697326062
0.3703703703703702	-1.15	18.61585092712281	8.841707153430237	2.711640118390596
0.3703703703703702	-1	19.76616420314723	9.274687190815641	1.297103105735065
0.3703703703703702	-0.8500000000000001	22.63374798464742	11.31278648679556	0.3281216783395433
0.3703703703703702	-0.7000000000000002	27.81381213395069	15.52312912885486	1.040341451546665
0.3703703703703702	-0.5500000000000003	34.9240426065909	21.48528138156247	1.200188180307336
0.3703703703703702	-0.4000000000000004	40.36887034272295	25.55072309184215	0.3883396120725137
0.3703703703703702	-0.25	53.05402412105224	36.54966273929722	0.6777869403611024
0.3703703703703702	-0.1	71.96018498156945	53.35178831457947	3.580250474583171
0.5185185185185182	-3.1	9.658325033345996	2.450511372840141	0.1843019769913624
0.5185185185185182	-2.95	9.870512685035612	2.39202708843203	0.6031631282690332
0.5185185185185182	-2.8	10.21119869123742	2.441048697571254	0.9375213030832112
0.5185185185185182	-2.65	9.928435242607552	1.843104746543778	0.862484718323419
0.5185185185185182	-2.5	10.86403218670797	2.437063165227299	0.7606796658829234
0.5185185185185182	-2.35	11.49939704215328	2.700881629351612	0.5444120182165193
0.5185185185185182	-2.2	11.12517781344415	1.921136858975839	1.340617240892847
0.5185185185185182	-2.05	11.72019294595252	2.07180952186715	0.6154041189044984
0.5185185185185182	-1.9	14.98224905429543	4.844914788709271	1.3251596938517
0.5185185185185182	-1.75	18.48541581740957	7.807533143095538	1.957968992300592
0.5185185185185182	-1.6	20.04264700042255	8.764109470938692	2.068800087043325
0.5185185185185182	-1.45	19.57820260377618	7.628445382282324	2.050583267378768
0.5185185185185182	-1.3	19.9306753917122	7.226144254784053	0.8880678805157703
0.5185185185185182	-1.15	24.07142037546858	10.51224284431455	1.225551367060872
0.5185185185185182	-1	26.70268761945822	12.16823253891811	0.5473509020376465
0.5185185185185182	-0.8500000000000001	29.23545378321012	13.57831701794265	0.9533133809061424
0.5185185185185182	-0.7000000000000002	32.07589760791844	15.11362070504597	0.5113652021918945
0.5185185185185182	-0.5500000000000003	39.10167126953434	20.60513617920238	1.176405322148116
0.5185185185185182	-0.4000000000000004	48.04015360502062	27.71701677535768	0.8189232943363076
0.5185185185185182	-0.25	60.02532619998414	37.49592819704729	1.180678152005171
0.5185185185185182	-0.1	59.74382624581852	34.50555183264463	5.181585869362764
0.6666666666666665	-3.1	14.47317992169305	5.237620828527122	0.3903872198357022
0.6666666666666665	-2.95	14.86184897692629	5.281956934914243	0.7228490774100119
0.6666666666666665	-2.8	14.42150182861084	4.47087514065924	0.8088606028367347
0.6666666666666665	-2.65	14.0013499307643	3.650464275833771	1.135813726569287
0.6666666666666665	-2.5	14.28443477311931	3.500136905556705	1.379448231056646
0.6666666666666665	-2.35	14.45527583117647	3.200171837561937	0.7073072086131316
0.6666666666666665	-2.2	13.30572731948525	1.537438387464608	0.8136791924274228
0.6666666666666665	-2.05	13.38742209111482	1.057672456042503	0.3258526609120622
0.6666666666666665	-1.9	14.87971458979563	1.933205074158701	1.647404541221183
0.6666666666666665	-1.75	15.86224905498606	2.235254195094511	2.106177120748628
0.6666666666666665	-1.6	16.75946500475298	2.378070413662373	3.19977288097612
0.6666666666666665	-1.45	22.49869214602878	7.276558919760358	1.378935739007878
0.6666666666666665	-1.3	24.6841107782287	8.51961162597178	4.114703721492162
0.6666666666666665	-1.15	26.25710176359893	9.029613537147977	2.344753509147083
0.6666666666666665	-1	30.38978717840045	11.95483835547844	0.2741365721046797
0.6666666666666665	-0.8500000000000001	37.11693358573781	17.29978106611884	1.46352231346358
0.6666666666666665	-0.7000000000000002	43.75548851553381	22.34251904066204	0.8889686428578859
0.6666666666666665	-0.5500000000000003	47.52981629550934	24.25691223142736	1.548982781349941
0.6666666666666665	-0.4000000000000004	50.32174480943605	24.85839974756446	0.287290379028039
0.6666666666666665	-0.25	60.81918421403386	32.74669727818089	5.552489044524288
0.6666666666666665	-0.1	60.0689725130311	28.85056974868472	4.165094786642077
0.8148148148148149	-3.1	13.53753502489943	2.297293299584954	0.7865539901148758
0.8148148148148149	-2.95	13.55752787976692	1.901915923571579	0.7784156316781352
0.8148148148148149	-2.8	14.33153170367301	2.229147393011456	0.9553789013503684
0.8148148148148149	-2.65	14.69025312996717	2.106054491660542	0.8452426974445715
0.8148148148148149	-2.5	17.43804631386593	4.332777323647202	1.015137019232053
0.8148148148148149	-2.35	20.27403659065138	6.603537659258301	0.9320813885569114
0.8148148148148149	-2.2	22.27968039582875	7.994055349233914	0.6171517931469255
0.8148148148148149	-2.05	21.34338542847397	6.385988680828101	2.371217837596085
0.8148148148148149	-1.9	18.59093630101568	2.897133153447978	0.977489438189232
0.8148148148148149	-1.75	21.22348774034292	4.719126358587893	1.915282946036116
0.8148148148148149	-1.6	24.68473129657028	7.284245610232166	0.6241164064622098
0.8148148148148149	-1.45	26.98040366232326	8.584440394405199	1.220819808650263
0.8148148148148149	-1.3	29.81875588743231	10.31118375676624	2.622589861826212
0.8148148148148149	-1.15	35.26859220062841	14.51270391494452	3.354492369938711
0.8148148148148149	-1	37.81565339023298	15.64930756815051	0.9334930933774247
0.8148148148148149	-0.8500000000000001	41.3896631345423	17.61902983416093	0.8276353373007127
0.8148148148148149	-0.7000000000000002	49.95150893587677	24.34297680530326	0.6065364887247195
0.8148148148148149	-0.5500000000000003	54.33118894004244	26.60086868813274	0.6835015116811476
0.8148148148148149	-0.4000000000000004	44.9833666523428	14.78350858119928	24.99153508069343
0.8148148148148149	-0.25	45.58636904593052	12.48797528409807	12.61215218620269
0.8148148148148149	-0.1	51.16123641544615	14.63238104846099	14.93568935767217
0.9629629629629628	-3.1	16.67654820155339	3.459109318206158	0.8681443128119058
0.9629629629629628	-2.95	17.27719294693114	3.57641585263198	0.3178345067975668
0.9629629629629628	-2.8	17.1815334180591	2.961481938811438	0.7617370360688626
0.9629629629629628	-2.65	18.85867102465075	4.079342144039746	1.330858947438586
0.9629629629629628	-2.5	20.60224030152716	5.218943334645854	0.4814486940829864
0.9629629629629628	-2.35	20.70791700847401	4.670533508757785	0.2702916846793821
0.9629629629629628	-2.2	22.71273912377137	5.964836065371411	1.908342550371869
0.9629629629629628	-2.05	25.42082399542543	7.89858551328124	1.313115839836732
0.9629629629629628	-1.9	27.37097076582855	9.001904374023187	1.307966883200385
0.9629629629629628	-1.75	33.26246586710068	13.96382699957908	1.101471836778219
0.9629629629629628	-1.6	31.52030294789177	11.19716611822883	0.7768385983506785
0.9629629629629628	-1.45	32.3455223572534	10.88840733655042	0.8900717985219888
0.9629629629629628	-1.3	33.64255514889236	10.92449140615527	2.147115073663548
0.9629629629629628	-1.15	38.34296699089773	14.21584856576013	0.9620466943250932
0.9629629629629628	-1	41.9353075495564	16.22535376874514	1.59356272385111
0.9629629629629628	-0.8500000000000001	41.6681041315674	14.17020172879723	2.075842722849555
0.9629629629629628	-0.7000000000000002	43.40184638629833	13.87251367797613	2.80011107929958
0.9629629629629628	-0.5500000000000003	37.87101517363179	6.019718780800321	10.02835280786598
0.9629629629629628	-0.4000000000000004	5.622315564136215	28.89907131633648	20.43199290177953
0.9629629629629628	-0.25	2.769201157372811	34.84038963333948	19.63933079931305
0.9629629629629628	-0.1	33.79383087067764	7.405749151664104	0.0257102741977046
1.111111111111111	-3.1	19.18082535977866	4.017716317612891	0.3612202513598657
1.111111111111111	-2.95	19.51339217410316	3.802420694896746	0.6118051132008379
1.111111111111111	-2.8	21.03863914448154	4.739842762944221	0.3318703360034079
1.111111111111111	-2.65	24.46365709883862	7.532673876648872	0.8713414909552507
1.111111111111111	-2.5	27.56833849385896	9.95576065093513	0.5922912745673007
1.111111111111111	-2.35	28.02678217488943	9.677391943692843	0.3474909285241042
1.111111111111111	-2.2	27.91631313219121	8.768175674251612	1.048245775409566
1.111111111111111	-2.05	28.23912551912158	8.222507797935311	3.980455945888126
1.111111111111111	-1.9	27.31348106108488	6.349558204181712	1.659764538477261
1.111111111111111	-1.75	30.70293071456102	8.702232364020436	1.410915843574775
1.111111111111111	-1.6	31.17624158796021	8.036779824748521	0.4304221128004134
1.111111111111111	-1.45	32.16324443711716	7.768252026864772	0.09009317839543918
1.111111111111111	-1.3	32.47849217942602	6.693685484948396	0.7503610409388473
1.111111111111111	-1.15	37.658381477119	10.3286476421918	2.068502846469877
1.111111111111111	-1	63.18761676516564	34.1330126660885	17.68547989318995
1.111111111111111	-0.8500000000000001	79.03255509902024	48.04350241869491	1.285493431792463
1.111111111111111	-0.7000000000000002	61.33233942674066	28.16391860548118	1.465254193659644
1.111111111111111	-0.5500000000000003	43.67725792572816	8.04256739288121	2.235759454897733
1.111111111111111	-0.4000000000000004	36.69337381307272	1.743927677989802	1.387799975983592
1.111111111111111	-0.25	7.369502446951428	34.26403688961877	1.014394901079802
1.111111111111111	-0.1	-5.78886468350687	51.07678075006395	2.41041041399105
1.259259259259259	-3.1	28.33315629558971	11.25952809453239	1.314070930782748
1.259259259259259	-2.95	27.68213061566058	9.999858861939522	0.3386962875420426
1.259259259259259	-2.8	27.27758452431524	8.943213326895965	0.6024102576415356
1.259259259259259	-2.65	28.57371745548433	9.539153213590037	1.989241382558857
1.259259259259259	-2.5	29.29397728620753	9.505836509505826	1.859879858244766
1.259259259259259	-2.35	30.44231958972982	9.841165056933391	1.689916998487981
1.259259259259259	-2.2	30.44870804068016	8.968151565646178	0.3319032832441131
1.259259259259259	-2.05	29.45248161221706	7.018127303420478	1.576278444026678
1.259259259259259	-1.9	30.46768445307539	6.995881248675548	1.84583263732959
1.259259259259259	-1.75	33.32414704040257	8.72051353109492	1.949192755126328
1.259259259259259	-1.6	36.93784483369932	11.09552318306515	3.904269849381254
1.259259259259259	-1.45	46.99842000665925	19.79600972013311	0.8030438155464552
1.259259259259259	-1.3	64.16349279244291	35.462610372872	0.7887251189732133
1.259259259259259	-1.15	52.73809882108746	22.38050828929757	0.5689816978123404
1.259259259259259	-1	43.2149040500312	11.01917011531796	0.4349567616757952
1.259259259259259	-0.8500000000000001	35.36695893819065	1.124596666669461	0.5583058047534231
1.259259259259259	-0.7000000000000002	30.32497508438159	6.203880282603574	0.1571757923636032
1.259259259259259	-0.5500000000000003	21.33050567558963	17.76077603452102	1.552327965223165
1.259259259259259	-0.4000000000000004	13.77723349009529	28.19322585429439	3.080446166983276
1.259259259259259	-0.25	2.274622149839867	42.93680043119945	0.02422549954008768
1.259259259259259	-0.1	-21.021960596513	69.88379185192828	0.01534394307769841
1.407407407407407	-3.1	28.48326191483991	9.53744829360463	0.8069784744574844
1.407407407407407	-2.95	28.59819636407091	8.986924567454004	1.722094606189718
1.407407407407407	-2.8	28.87993362257833	8.556796792915389	1.010085579813
1.407407407407407	-2.65	28.33450662752112	7.24831279806428	0.551724862354018
1.407407407407407	-2.5	28.31853298488258	6.412664581426718	0.8435540020280468
1.407407407407407	-2.35	29.48657183359553	6.698243223944594	1.600588895448411
1.407407407407407	-2.2	29.31381393898274	5.573209404076142	1.132711728442211
1.407407407407407	-2.05	36.62154904160781	11.85082076182135	6.630001546690379
1.407407407407407	-1.9	37.30084860696083	11.41295137232104	1.254292060183344
1.407407407407407	-1.75	45.54471189133009	18.44204853450426	3.696953812545039
1.407407407407407	-1.6	51.131753300309	22.70460284137563	1.633621801314682
1.407407407407407	-1.45	44.79341635955551	14.91811647423492	0.7362500044880594
1.407407407407407	-1.3	38.17427044894828	6.711128720254464	0.1665210969910559
1.407407407407407	-1.15	34.79386431209573	1.584781437472067	0.784033577597696
1.407407407407407	-1	34.41023737605603	0.7239556808596035	0.2010407191079615
1.407407407407407	-0.8500000000000001	31.41151326922715	5.850940139632236	0.6171688605934866
1.407407407407407	-0.7000000000000002	29.92896337671017	9.691942112463718	2.461825913265023
1.407407407407407	-0.5500000000000003	-1.566881992731794	43.80648057653009	20.35033413424251
1.407407407407407	-0.4000000000000004	21.11311339656576	24.03806245185914	0.3849056756417901
1.407407407407407	-0.25	8.365088702081517	40.02477709873639	2.812368589759261
1.407407407407407	-0.1	-9.190022853511874	61.17958843935209	0.1306205849873987
1.555555555555555	-3.1	26.99354180512861	6.216606477760859	0.5805723356286978
1.555555555555555	-2.95	27.97984353609893	6.484751216177401	0.9912494290154644
1.555555555555555	-2.8	28.60350287630181	6.341433732176192	1.47962013810814
1.555555555555555	-2.65	27.68421091121958	4.601496976970715	0.3514307920161933
1.555555555555555	-2.5	31.91057907683789	7.948090102259705	0.2428443833589141
1.555555555555555	-2.35	33.8670814822302	8.959521026334027	0.6449472087786534
1.555555555555555	-2.2	38.82644528027923	12.90154377272479	1.159782354548409
1.555555555555555	-2.05	39.46397308396881	12.44156327973151	0.9614347139779517
1.555555555555555	-1.9	44.78311882373735	16.57407815355357	1.712797141833508
1.555555555555555	-1.75	39.03247785352544	9.537522035837736	0.5323437886263443
1.555555555555555	-1.6	37.43250031459802	6.540813907423875	0.3712556916767365
1.555555555555555	-1.45	35.02144929414638	2.609142675795169	0.295355273480685
1.555555555555555	-1.3	33.76781358420426	0.3037962231899201	0.3218282221532781
1.555555555555555	-1.15	33.10029643544058	2.785976346467827	0.2221927632803315
1.555555555555555	-1	36.15336232328977	1.721621327808442	0.8427614483009915
1.555555555555555	-0.8500000000000001	17.17974915054364	22.87874457570205	22.67460887220788
1.555555555555555	-0.7000000000000002	-15.76637926349442	58.22591185888409	36.62965773790901
1.555555555555555	-0.5500000000000003	32.50604822736285	12.59644858550654	4.397106956563812
1.555555555555555	-0.4000000000000004	33.11239625989021	14.90039124429312	2.093568825155154
1.555555555555555	-0.25	31.80583129907645	19.40980460062621	4.408894679081396
1.555555555555555	-0.1	60.14474212328694	5.410509782632566	0.475604342338631
1.703703703703703	-3.1	27.74832664530598	5.183610338646869	0.3451693029491619
1.703703703703703	-2.95	28.21048610444425	4.879109272653842	0.1469537806269817
1.703703703703703	-2.8	33.86232466108306	9.713575907162038	1.409054124286773
1.703703703703703	-2.65	34.85139220283977	9.829724739511551	0.7201770006852434
1.703703703703703	-2.5	36.33974283748609	10.38419823708328	0.4568001956022243
1.703703703703703	-2.35	37.23529165156656	10.27884745175425	0.2689359079086758
1.703703703703703	-2.2	39.5574648997917	11.52629702854014	1.616200123128326
1.703703703703703	-2.05	37.46484062992104	8.277491565346242	0.1661514741061422
1.703703703703703	-1.9	35.68233423800707	5.248778472452468	0.2350177226354021
1.703703703703703	-1.75	35.38061629985124	3.601216487188886	0.233322826387857
1.703703703703703	-1.6	34.05392808518335	0.8182788922866351	0.323496703651228
1.703703703703703	-1.45	34.00081662304316	0.8135202330585116	0.2997347309337333
1.703703703703703	-1.3	36.6952819743593	0.1664266073741416	0.6224664654104048
1.703703703703703	-1.15	40.54535538755881	2.151334820892622	0.9904817859331199
1.703703703703703	-1	34.04686895978048	6.379209780318661	13.09978632480115
1.703703703703703	-0.8500000000000001	NaN	NaN	NaN
1.703703703703703	-0.7000000000000002	45.12607149880647	0.06372573504209811	3.551772591259428
1.703703703703703	-0.5500000000000003	50.94152626710125	3.236906481276684	1.950342766983616
1.703703703703703	-0.4000000000000004	48.92631730879798	1.662398911220009	5.989332232417197
1.703703703703703	-0.25	60.60832436076694	6.875659336952197	1.159867210297272
1.703703703703703	-0.1	75.39096857644726	18.23936534016362	0.2126495455000402
1.851851851851852	-3.1	32.40824123867014	8.100918500338601	0.8396123521380819
1.851851851851852	-2.95	32.85485194642714	7.736576120323644	0.5899742655168961
1.851851851851852	-2.8	33.89020322482684	7.908866283129125	0.3918504003991117
1.851851851851852	-2.65	38.27676496170668	11.37550202126322	1.703451341779366
1.851851851851852	-2.5	39.09450194226402	11.21116132181582	0.6505449127762719
1.851851851851852	-2.35	36.49124012685745	7.557791341686432	0.3385732911345561
1.851851851851852	-2.2	34.82413229803615	4.766006818549496	0.6990437021957189
1.851851851851852	-2.05	35.2392732156967	3.974633735979449	0.5322474045165045
1.851851851851852	-1.9	35.06331298857283	2.502248748748812	0.08816815236871747
1.851851851851852	-1.75	34.36870840232675	0.4123572187527245	0.5228772922376255
1.851851851851852	-1.6	35.77383339602407	0.3134360798627682	0.6406738622807446
1.851851851851852	-1.45	39.27006003697484	2.185960643666093	0.1679627543186726
1.851851851851852	-1.3	44.05014853151882	5.210765454606133	0.9225377057118546
1.851851851851852	-1.15	40.61497969249645	0.1242106658339637	2.093564324065369
1.851851851851852	-1	46.89490669154079	4.097504853306582	0.6105430347686845
1.851851851851852	-0.8500000000000001	50.85052118901052	5.82185897053445	0.6440122252809065
1.851851851851852	-0.7000000000000002	53.73172348426625	6.283655416643597	1.052652578411991
1.851851851851852	-0.5500000000000003	57.46102386127759	7.390355895013698	0.8047728190967842
1.851851851851852	-0.4000000000000004	62.370683035699	9.459963576924579	0.3260408688098512
1.851851851851852	-0.25	69.43377093077409	13.45312092060053	0.7784069231486898
1.851851851851852	-0.1	78.99411555381175	19.70442735359549	0.3950818395588537
2	-3.1	33.95935617346966	7.956010328958218	1.142519880681286
2	-2.95	36.8341322423376	9.979710901819011	0.5888605641961751
2	-2.8	37.34291692881963	9.584376327759589	0.8326976858550601
2	-2.65	34.46307475353473	5.742747955665251	1.424422531353988
2	-2.5	33.54694080392319	3.802059506980964	0.548679341687033
2	-2.35	33.97420372962599	3.136371784938746	0.2668397466780118
2	-2.2	33.58104310846396	1.575659900380458	0.2889692385325758
2	-2.05	34.6201349597954	1.365768385083335	0.1135594610139015
2	-1.9	35.19089693032684	0.5986082428168942	0.6768123757419567
2	-1.75	37.81361476677274	1.786241381669129	1.294043472409923
2	-1.6	41.36778482428711	3.799192795459618	0.2238908466163518
2	-1.45	43.89399517416141	4.668321076824682	0.8664371195724194
2	-1.3	45.36522047689122	4.356133575320996	1.262843739208441
2	-1.15	48.76782209436301	5.837852747404106	0.6709289732733127
2	-1	52.36471988263825	7.364719882638255	1.752336908262446
2	-0.8500000000000001	56.0910231454822	8.859848537450958	1.430576448996761
2	-0.7000000000000002	57.08095825721214	7.445494830309499	0.727615837817164
2	-0.5500000000000003	63.60397030604651	11.37965461200115	0.2855807143957151
2	-0.4000000000000004	67.40370749964073	12.39572769819939	0.1966449550137639
2	-0.25	74.6786545606584	16.6840377687419	0.2612212238215116
2	-0.1	80.35211269365126	19.16290643662433	0.590038102483873
