# Data file generated by gp_save.m
# x/m y/m phi/deg phi_error/deg phi_std/deg
-2	-3.1	-25.35342925041247	0.6499165940989791	0.1311085851758395
-2	-2.95	-26.10174261408918	0.7526787264294086	0.2819211073403562
-2	-2.8	-27.10890737738519	0.6496332236748508	0.07573950590180237
-2	-2.65	-27.68586921279002	1.034457585079462	0.04511289097857606
-2	-2.5	-28.52288765874891	1.22199363819329	0.01797747332273117
-2	-2.35	-29.37950240243607	1.458329542251175	0.04535948071458461
-2	-2.2	-30.33603030915138	1.669352898932125	0.194303317264442
-2	-2.05	-31.39562908912555	1.858737485586516	0.1570086430209992
-2	-1.9	-32.82432816323551	1.767960524274443	0.1854592745682757
-2	-1.75	-34.09955564234186	1.927817742761754	0.1148904466285671
-2	-1.6	-35.51359681326893	2.054995215558556	0.09250765966650448
-2	-1.45	-37.72444681728063	1.501227280056099	0.1869179580899137
-2	-1.3	-39.6709333615654	1.338153540004797	0.1588377059104412
-2	-1.15	-42.22394142775612	0.7060279192027892	0.09876984766439939
-2	-1	-45.50712236940287	0.5071223694028717	0.2168458569574907
-2	-0.8500000000000001	-49.75007013438187	2.518895526350633	0.2785276317606491
-2	-0.7000000000000002	-54.82166658595182	5.186203159049185	0.2496448289146002
-2	-0.5500000000000003	-60.21378802388919	7.989472329843871	0.1414572878429137
-2	-0.4000000000000004	-66.57769231197976	11.56971251053844	0.1460298908723652
-2	-0.25	-74.05149534927246	16.05687855735595	0.3154779723360389
-2	-0.1	-80.05439360147345	18.86518734444652	0.3071037353858645
-1.851851851851852	-3.1	-24.14231904527124	0.1650036930602958	0.06669766022979205
-1.851851851851852	-2.95	-24.81073861252853	0.3075372135749639	0.2267661281985219
-1.851851851851852	-2.8	-25.33613757020048	0.6451993714972311	0.2161202870621325
-1.851851851851852	-2.65	-26.17410384397142	0.7271590964720431	0.3190387713772499
-1.851851851851852	-2.5	-26.87894946131029	1.00439115913791	0.1210014933916681
-1.851851851851852	-2.35	-27.70111002836011	1.232338756810883	0.09397723467310522
-1.851851851851852	-2.2	-28.73460067659554	1.323524802891118	0.1728380939070707
-1.851851851851852	-2.05	-29.93465743468617	1.329982045031084	0.3320826156301652
-1.851851851851852	-1.9	-30.76626381067408	1.794800429149909	0.1231005532627728
-1.851851851851852	-1.75	-31.96778092363864	1.988570259935393	0.1174618783301936
-1.851851851851852	-1.6	-33.31275776896442	2.147639547196881	0.1207183167354876
-1.851851851851852	-1.45	-34.96404648363212	2.120052909676623	0.1226740992718716
-1.851851851851852	-1.3	-36.72993650271879	2.109446574193903	0.1273283093133685
-1.851851851851852	-1.15	-38.6064990434736	2.132691314856814	0.08348470579709952
-1.851851851851852	-1	-41.63614961068281	1.16125222755138	0.1094235699312173
-1.851851851851852	-0.8500000000000001	-45.11857143950779	0.08990922103171783	0.2615117931350928
-1.851851851851852	-0.7000000000000002	-49.73263118160927	2.284563113986614	0.2135442790038316
-1.851851851851852	-0.5500000000000003	-56.19646473147096	6.125796765207099	0.2262164664847395
-1.851851851851852	-0.4000000000000004	-62.91770172531987	10.00698226654546	0.1440422051234947
-1.851851851851852	-0.25	-71.25527496775528	15.27462495758173	0.425215191352483
-1.851851851851852	-0.1	-79.63916461464885	20.34947641443259	0.3684451888403484
-1.703703703703704	-3.1	-22.71174086475535	0.1470245580962413	0.1503057145752747
-1.703703703703704	-2.95	-23.76735181698257	0.435974985192157	0.1460440894911067
-1.703703703703704	-2.8	-23.97438294151966	0.1743658124013621	0.1819967602829427
-1.703703703703704	-2.65	-24.39795873389856	0.6237087294296551	0.1125724176736283
-1.703703703703704	-2.5	-25.11836957060696	0.8371750297958194	0.2843915859329302
-1.703703703703704	-2.35	-26.19937493782087	0.7570692619914325	0.154911632383448
-1.703703703703704	-2.2	-27.2443960537886	0.7867718174629559	0.1035344447761404
-1.703703703703704	-2.05	-28.0587673101481	1.128581754426691	0.2540394158720622
-1.703703703703704	-1.9	-28.94509632324177	1.488459442312838	0.4082999128648309
-1.703703703703704	-1.75	-30.07945795658015	1.699941856082205	0.1425641373174043
-1.703703703703704	-1.6	-31.30083959331915	1.934809599577562	0.2867377254051361
-1.703703703703704	-1.45	-32.31407463324381	2.50026222285787	0.1394073936932653
-1.703703703703704	-1.3	-33.85000360172732	2.678851765257846	0.08215156314428118
-1.703703703703704	-1.15	-35.88159839889215	2.512422167774041	0.07816582364864134
-1.703703703703704	-1	-37.93522112794626	2.49085761215288	0.1254714110823817
-1.703703703703704	-0.8500000000000001	-40.75456185964801	1.888058168045433	0.3704170007021149
-1.703703703703704	-0.7000000000000002	-44.7078774825444	0.3544682812199795	0.1159554098172513
-1.703703703703704	-0.5500000000000003	-50.33373953019716	2.629119744372581	0.2592070832829702
-1.703703703703704	-0.4000000000000004	-57.57529813366803	6.986581913650014	0.2615825446592518
-1.703703703703704	-0.25	-66.76815923074665	13.03549420693188	0.1045943275795182
-1.703703703703704	-0.1	-78.73636761794576	21.58476438166212	0.3102772781233663
-1.555555555555556	-3.1	-20.76779296500604	0.00914236236170396	0.08554718298879546
-1.555555555555556	-2.95	-21.59366091638143	0.09856859645991634	0.1094482749054604
-1.555555555555556	-2.8	-22.83228349626163	0.570214352136027	0.08679421810540315
-1.555555555555556	-2.65	-23.27370949733736	0.190995563088503	0.2257154801020237
-1.555555555555556	-2.5	-23.58695740035092	0.3755315742272529	0.1373208746235647
-1.555555555555556	-2.35	-23.96354209132409	0.9440183645720914	0.2069913588583731
-1.555555555555556	-2.2	-25.16060694184592	0.7642945657085214	0.2966967605839951
-1.555555555555556	-2.05	-26.46801934979714	0.5543904544401634	0.1092175235368813
-1.555555555555556	-1.9	-27.40844465838644	0.8005960117973423	0.1494103713156757
-1.555555555555556	-1.75	-28.41919826441325	1.07575755327446	0.2709956742513668
-1.555555555555556	-1.6	-29.22744978914839	1.664236618025726	0.1611808322467824
-1.555555555555556	-1.45	-30.47851343279489	1.933793185556318	0.3382047199624637
-1.555555555555556	-1.3	-31.88938637801885	2.182223429375334	0.2365450935856954
-1.555555555555556	-1.15	-33.13984904319295	2.746423738715457	0.1597821159807532
-1.555555555555556	-1	-34.62836156169611	3.246622089402081	0.1039994900868621
-1.555555555555556	-0.8500000000000001	-36.70029220573902	3.358201520506675	0.2377129113438358
-1.555555555555556	-0.7000000000000002	-39.80771031667575	2.651822278713901	0.1981439043740028
-1.555555555555556	-0.5500000000000003	-43.84224756476799	1.260249248101374	0.3424938122012692
-1.555555555555556	-0.4000000000000004	-50.0274691000938	2.014681595910474	0.2004523377456031
-1.555555555555556	-0.25	-59.13503901658528	7.919403116882627	0.1999821325964956
-1.555555555555556	-0.1	-75.02226381114758	20.28803147049324	0.227704150413487
-1.407407407407407	-3.1	-19.07558676540994	0.129773144174667	0.07759054643808959
-1.407407407407407	-2.95	-19.7405232861598	0.1292514895428916	0.1350594403687838
-1.407407407407407	-2.8	-20.30066570650736	0.02247112315557231	0.09168614213849136
-1.407407407407407	-2.65	-21.4114822543495	0.3252884248926726	0.4452445505493081
-1.407407407407407	-2.5	-22.49668250758223	0.5908141041263661	0.1862258149099262
-1.407407407407407	-2.35	-22.74927697922292	0.03905163042800197	0.1774811775389223
-1.407407407407407	-2.2	-23.31356159354648	0.4270429413600993	0.140377513027333
-1.407407407407407	-2.05	-24.38419195097669	0.3865363288097718	0.131972169751477
-1.407407407407407	-1.9	-25.57434556580159	0.313551668838187	0.3709315463406354
-1.407407407407407	-1.75	-26.2202913341204	0.8823720227054324	0.1968546567338285
-1.407407407407407	-1.6	-27.66888749210276	0.7582629668306105	0.3266936558351421
-1.407407407407407	-1.45	-28.55317236645983	1.322127518860732	0.1819329948348589
-1.407407407407407	-1.3	-29.7849755377873	1.678166190906484	0.2885557323645563
-1.407407407407407	-1.15	-31.28403475677215	1.925048117851485	0.1922233469405103
-1.407407407407407	-1	-32.42808098949384	2.706112067421792	0.1314216625005735
-1.407407407407407	-0.8500000000000001	-33.28095501481868	3.981498394040685	0.2181802412059485
-1.407407407407407	-0.7000000000000002	-35.44119495035289	4.179710538820991	0.1251553054692639
-1.407407407407407	-0.5500000000000003	-38.21447776824562	4.025120815552675	0.2222696226404461
-1.407407407407407	-0.4000000000000004	-42.1926372080463	2.958538640378599	0.2783978720068261
-1.407407407407407	-0.25	-48.45222296373306	0.06235716291515558	0.3674405947731017
-1.407407407407407	-0.1	-56.86902542924719	4.87945984340697	0.3623585761906811
-1.259259259259259	-3.1	-17.10861906801232	0.03499086695501674	0.1031191314462404
-1.259259259259259	-2.95	-17.60783299726105	0.0744387564600153	0.1220369884290596
-1.259259259259259	-2.8	-18.33670988965014	0.002338692230861028	0.1790965629552441
-1.259259259259259	-2.65	-18.93275919153134	0.1018050503629553	0.1263126210867972
-1.259259259259259	-2.5	-19.84741810020786	0.05927732350616566	0.2204114894152187
-1.259259259259259	-2.35	-21.14220562497205	0.5410510921756142	0.3091898880771559
-1.259259259259259	-2.2	-22.03012120720314	0.5495647321691663	0.3009630798811683
-1.259259259259259	-2.05	-22.4742491153827	0.0398948065861191	0.08483810261244876
-1.259259259259259	-1.9	-23.58820645747347	0.116403253073635	0.1872103412572074
-1.259259259259259	-1.75	-24.53430572661112	0.06932778269653639	0.2877291091084402
-1.259259259259259	-1.6	-25.55961938198528	0.2827022686488903	0.08210022254485468
-1.259259259259259	-1.45	-26.7952680953051	0.4071421912210482	0.09677377937222714
-1.259259259259259	-1.3	-28.00951312222032	0.6913692973505903	0.611945091409883
-1.259259259259259	-1.15	-29.0174690574792	1.340121474310696	0.3736678762582042
-1.259259259259259	-1	-31.18539746357772	1.010336471135524	0.5398783545946975
-1.259259259259259	-0.8500000000000001	-31.78656219364086	2.455800077880326	0.4714935265410243
-1.259259259259259	-0.7000000000000002	-32.72505282961698	3.803802537368178	0.2615946563054817
-1.259259259259259	-0.5500000000000003	-34.08637189481172	5.00490981529893	0.1177000300512723
-1.259259259259259	-0.4000000000000004	-36.33436695865618	5.636092385733512	0.2714583019116638
-1.259259259259259	-0.25	-38.57539233620523	6.636030244834089	0.1125354112132869
-1.259259259259259	-0.1	-44.12454508479814	4.737286170617146	0.1568015931486141
-1.111111111111111	-3.1	-15.42990991442509	0.2668008722593189	0.08013074525078295
-1.111111111111111	-2.95	-15.8262200640811	0.1152485848746849	0.09533348464354829
-1.111111111111111	-2.8	-16.38754582272218	0.08874944118486283	0.03786465894597767
-1.111111111111111	-2.65	-16.76863133694239	0.1623518852473502	0.08635878716604592
-1.111111111111111	-2.5	-17.68571063678993	0.0731327938660975	0.1846438101030076
-1.111111111111111	-2.35	-18.45749375522902	0.1081035240324262	0.2658426271939904
-1.111111111111111	-2.2	-19.3438239826901	0.1956865247504993	0.3468353743944384
-1.111111111111111	-2.05	-20.20378314797171	0.1871654267854481	0.4231535576372285
-1.111111111111111	-1.9	-21.46364456244439	0.4997217055412264	0.237867347173306
-1.111111111111111	-1.75	-21.90262226175367	0.09807608878691454	0.2006781724993369
-1.111111111111111	-1.6	-23.63215722463477	0.4926954614230787	0.2064355677139258
-1.111111111111111	-1.45	-25.15818763755243	0.7631952273000344	0.1346936060111211
-1.111111111111111	-1.3	-25.9575673906697	0.1727606961920749	0.06916049549244106
-1.111111111111111	-1.15	-27.06558442918956	0.264149405737669	0.2179667441965584
-1.111111111111111	-1	-28.2533241694326	0.8012799296445436	0.408686795494639
-1.111111111111111	-0.8500000000000001	-30.09482088522274	0.8942317951025593	0.5537543508582679
-1.111111111111111	-0.7000000000000002	-31.5654687706505	1.60295205060898	0.7202148497373552
-1.111111111111111	-0.5500000000000003	-33.55726091255782	2.077429620289152	0.1667628654078015
-1.111111111111111	-0.4000000000000004	-34.89706373378483	3.540237757277687	0.3046586185430143
-1.111111111111111	-0.25	-34.82436808739733	6.809171249172863	0.3254169303113186
-1.111111111111111	-0.1	-36.95234851793096	8.335567548626123	0.2185463212148651
-0.962962962962963	-3.1	-13.65364686117973	0.4362079778325061	0.1169381338909669
-0.962962962962963	-2.95	-14.19854244501973	0.4977653507205666	0.07604450267172454
-0.962962962962963	-2.8	-14.64600778777069	0.4259563085230358	0.1575070228888162
-0.962962962962963	-2.65	-15.24821888447944	0.468890003868438	0.04518340614409
-0.962962962962963	-2.5	-15.76826106586739	0.3849640989860816	0.111438867727109
-0.962962962962963	-2.35	-16.26733361472023	0.2299501150040157	0.02836200126289676
-0.962962962962963	-2.2	-16.8924202457503	0.1445171873503419	0.120416309946001
-0.962962962962963	-2.05	-17.7543945300343	0.2321560478901077	0.2100485794567166
-0.962962962962963	-1.9	-18.26314827849637	0.1059181133089986	0.1091081818400151
-0.962962962962963	-1.75	-18.9934603789881	0.3051784885335032	0.08540713940747745
-0.962962962962963	-1.6	-20.479146156944	0.156009327281069	0.2941126505764013
-0.962962962962963	-1.45	-21.79489054820571	0.3377755275027212	0.2186722185759353
-0.962962962962963	-1.3	-22.63502104490001	0.08304269783708307	0.2621969698847712
-0.962962962962963	-1.15	-24.71089517524304	0.5837767501054429	0.3537087109474634
-0.962962962962963	-1	-25.91330364292282	0.2033498621115619	0.7511641982411797
-0.962962962962963	-0.8500000000000001	-27.53504154793233	0.03713914516215766	0.6056467264544515
-0.962962962962963	-0.7000000000000002	-29.46117149149761	0.06816121682458487	0.5556682751694871
-0.962962962962963	-0.5500000000000003	-30.99857270687524	0.8527236859562279	0.1588856773623372
-0.962962962962963	-0.4000000000000004	-33.42195074975162	1.099436130721074	0.5354415293585719
-0.962962962962963	-0.25	-33.7264200812216	3.883170709490685	1.534419410900127
-0.962962962962963	-0.1	-29.67566703214683	11.52391299019492	0.5764741054853163
-0.8148148148148149	-3.1	-11.62884117955092	0.3885994542364415	0.04870466598226436
-0.8148148148148149	-2.95	-11.77245370110215	0.1168417449068215	0.0431770061755169
-0.8148148148148149	-2.8	-12.2506421427191	0.1482578320575598	0.07595807128668923
-0.8148148148148149	-2.65	-12.95527034241928	0.3710717041126621	0.0220016590644017
-0.8148148148148149	-2.5	-13.69932323390782	0.5940542436891043	0.06173536055465007
-0.8148148148148149	-2.35	-14.24834634079505	0.577847409401965	0.08198627243270984
-0.8148148148148149	-2.2	-15.10922797459816	0.8236029280033357	0.1029363297012533
-0.8148148148148149	-2.05	-15.69550551121628	0.738108763570418	0.01462820089121769
-0.8148148148148149	-1.9	-16.746532030758	1.052728883190312	0.04324633427355883
-0.8148148148148149	-1.75	-17.09563315036889	0.5912717686138755	0.1874006874722461
-0.8148148148148149	-1.6	-18.00358691603713	0.6031012296990248	0.309870519188659
-0.8148148148148149	-1.45	-18.8197729246771	0.4238096567590475	0.1971267001914125
-0.8148148148148149	-1.3	-19.3403488906554	0.1672232400106672	0.1542742118627055
-0.8148148148148149	-1.15	-20.67152390244227	0.08436438324160989	0.1292584084026561
-0.8148148148148149	-1	-21.96247697126465	0.2038688508178019	0.09342085977666313
-0.8148148148148149	-0.8500000000000001	-23.55649258321104	0.2141407171703058	0.5868091716752055
-0.8148148148148149	-0.7000000000000002	-25.71491188821965	0.1063797576461454	1.017442013200071
-0.8148148148148149	-0.5500000000000003	-28.08806417229958	0.3577439203898756	0.5144072810675376
-0.8148148148148149	-0.4000000000000004	-28.99346427141378	1.206393799729739	0.07040838707731008
-0.8148148148148149	-0.25	-32.60754770234438	0.4908460594880424	0.4445674060342951
-0.8148148148148149	-0.1	-33.25834983177464	3.270505535210525	0.888475677767255
-0.6666666666666667	-3.1	-9.12000200661601	0.1155570865499129	0.04856665654037676
-0.6666666666666667	-2.95	-9.642707414138837	0.06281537212680632	0.04187127463114602
-0.6666666666666667	-2.8	-10.05729751838185	0.1066708304302555	0.06042566179550801
-0.6666666666666667	-2.65	-10.60608824753102	0.255202592600499	0.1225783012322706
-0.6666666666666667	-2.5	-10.57479502166244	0.2095028459001576	0.351965102319145
-0.6666666666666667	-2.35	-11.57466611957855	0.3195621259640156	0.1626198776793462
-0.6666666666666667	-2.2	-11.88497654599752	0.1166876139768807	0.339565913972086
-0.6666666666666667	-2.05	-13.07616600063308	0.7464163655607639	0.16282478859378
-0.6666666666666667	-1.9	-13.1420512473997	0.1955417317627681	0.2020701462054861
-0.6666666666666667	-1.75	-13.57905408459579	0.04794077529574636	0.08911823667431937
-0.6666666666666667	-1.6	-14.71762643508708	0.3362318439964813	0.1155515324465508
-0.6666666666666667	-1.45	-15.7926839567732	0.5705507305047792	0.2272527755771449
-0.6666666666666667	-1.3	-16.54746595301905	0.3829668007621443	0.7150994805809229
-0.6666666666666667	-1.15	-17.38201966266611	0.1545314362151551	0.147850723058029
-0.6666666666666667	-1	-19.04669838714186	0.6117495642198492	0.7365991746811299
-0.6666666666666667	-0.8500000000000001	-20.95965463487658	1.142502115257606	0.3957693092710448
-0.6666666666666667	-0.7000000000000002	-22.12629909676295	0.7133296218911838	0.5503745362505553
-0.6666666666666667	-0.5500000000000003	-24.40775016325124	1.134846099169263	0.3993201639761759
-0.6666666666666667	-0.4000000000000004	-24.24314544282843	1.220199619043193	0.4536607609092518
-0.6666666666666667	-0.25	-25.96075501983562	2.111731916017348	0.9398999958917059
-0.6666666666666667	-0.1	-30.32994761761222	0.8884551467341346	0.176320640803962
-0.5185185185185186	-3.1	-7.187900414276841	0.01991324622901391	0.1241113977252763
-0.5185185185185186	-2.95	-7.700329383856209	0.2218437872526273	0.1093614279833219
-0.5185185185185186	-2.8	-7.74037497330889	0.0297750203572722	0.1159179738528168
-0.5185185185185186	-2.65	-8.490969892989344	0.4056393969255705	0.1024772401866537
-0.5185185185185186	-2.5	-8.316212040243467	0.1107569812372073	0.09413578328071678
-0.5185185185185186	-2.35	-8.612057383250525	0.1864580295511402	0.1765399796952217
-0.5185185185185186	-2.2	-9.235972478897484	0.03193152442917224	0.1636037946495373
-0.5185185185185186	-2.05	-9.440325039314258	0.2080583847711104	0.1482119402360615
-0.5185185185185186	-1.9	-9.92119942905286	0.2161348365332998	0.2608606551433932
-0.5185185185185186	-1.75	-10.82536648253989	0.1474838082258572	0.04746571046042961
-0.5185185185185186	-1.6	-11.42651673491899	0.1479792054351279	0.05476085350702145
-0.5185185185185186	-1.45	-11.59412620836199	0.3556310131318643	0.1395372101923468
-0.5185185185185186	-1.3	-12.66671111367913	0.037820023249024	0.1384914345589957
-0.5185185185185186	-1.15	-13.8632978039292	0.3041202727751564	0.1263938468207671
-0.5185185185185186	-1	-15.00632136669591	0.4718662861557856	0.1084051307029552
-0.5185185185185186	-0.8500000000000001	-15.99442434659172	0.3372875813242526	0.2524761528308877
-0.5185185185185186	-0.7000000000000002	-16.88146039898305	0.08081650388940886	0.4252413883330241
-0.5185185185185186	-0.5500000000000003	-18.7130630003545	0.2165279100225312	0.4835858830947527
-0.5185185185185186	-0.4000000000000004	-19.43826029588615	0.884876533776783	0.1613242936016105
-0.5185185185185186	-0.25	-20.71935425189204	1.810043751044802	0.1171574449152409
-0.5185185185185186	-0.1	-19.70232970326017	5.535944709913732	0.3888570730548206
-0.3703703703703705	-3.1	-5.031767257398864	0.1299932123519483	0.04366327737420737
-0.3703703703703705	-2.95	-5.491321118867189	0.1346639658181363	0.06225707985606776
-0.3703703703703705	-2.8	-5.615198592926579	0.0483976503901502	0.06826272037733304
-0.3703703703703705	-2.65	-6.082437274899384	0.2883897712098689	0.06687194582676149
-0.3703703703703705	-2.5	-6.235657902623911	0.195092719726647	0.1142535877001289
-0.3703703703703705	-2.35	-6.497127560696901	0.1882240839672464	0.05832325014526345
-0.3703703703703705	-2.2	-6.436070748266919	0.1660094813810638	0.0936464377344946
-0.3703703703703705	-2.05	-7.225154889865541	0.3014611003669492	0.08106832660471507
-0.3703703703703705	-1.9	-7.929411786338417	0.6513429649450577	0.1603933838309535
-0.3703703703703705	-1.75	-7.744370405514357	0.07392230120235777	0.1732377420616111
-0.3703703703703705	-1.6	-8.183175760175647	0.07592772451762109	0.1153436224968797
-0.3703703703703705	-1.45	-8.850425378954077	0.2540216171992711	0.1598870384093427
-0.3703703703703705	-1.3	-9.661989706974456	0.5141471871727337	0.1476154276333185
-0.3703703703703705	-1.15	-9.612062802125539	0.1620809715670308	0.3444213968376045
-0.3703703703703705	-1	-10.45747540722341	0.03400160510818395	0.175638468461352
-0.3703703703703705	-0.8500000000000001	-11.70308912730843	0.3821276294565656	0.2934910631128179
-0.3703703703703705	-0.7000000000000002	-11.35441659017186	0.9362664149239794	0.2457727743078428
-0.3703703703703705	-0.5500000000000003	-13.10653393869869	0.3322272863297471	0.111938453075415
-0.3703703703703705	-0.4000000000000004	-13.91834230939195	0.8998049414888545	0.9870339147019287
-0.3703703703703705	-0.25	-14.9490833389614	1.555278042793613	0.7331066894240398
-0.3703703703703705	-0.1	-11.17435388045443	7.434042786535567	1.266189090704112
-0.2222222222222223	-3.1	-3.434897947730344	0.3324712655596476	0.1284099489081427
-0.2222222222222223	-2.95	-3.402217166244435	0.1822202033250799	0.1285488435004681
-0.2222222222222223	-2.8	-3.534493105937942	0.1876744641977335	0.1069221426778841
-0.2222222222222223	-2.65	-3.739874404033917	0.2558474029005642	0.1603334810207398
-0.2222222222222223	-2.5	-3.800640388340367	0.1676896488521655	0.1933164104691871
-0.2222222222222223	-2.35	-4.367125256061351	0.5719703262609945	0.1474777174368354
-0.2222222222222223	-2.2	-4.278236148682732	0.305740207932073	0.1898728500297825
-0.2222222222222223	-2.05	-4.256663659943474	0.08947127179084635	0.2065931949369017
-0.2222222222222223	-1.9	-4.084984868077212	0.2969329750889838	0.2230761741714485
-0.2222222222222223	-1.75	-4.422895527272244	0.1970279543881519	0.06278362514010638
-0.2222222222222223	-1.6	-5.024618999828379	0.1394164317110747	0.06071185660525479
-0.2222222222222223	-1.45	-5.679361444476454	0.4966470692942391	0.06265738717851188
-0.2222222222222223	-1.3	-5.73065955339534	0.2119654383391163	0.1915546618198396
-0.2222222222222223	-1.15	-5.149242454499306	0.7518474577050558	0.1574967052921727
-0.2222222222222223	-1	-6.083420135239562	0.2567716106703486	0.04725313523470667
-0.2222222222222223	-0.8500000000000001	-6.321631550811948	0.527926441954607	0.2239796691541345
-0.2222222222222223	-0.7000000000000002	-6.429822518767563	1.017594331427596	0.06530606223231593
-0.2222222222222223	-0.5500000000000003	-6.693089246256008	1.465761615027331	0.1222438781177703
-0.2222222222222223	-0.4000000000000004	-7.388893040157228	1.630429391224459	0.2717195500806672
-0.2222222222222223	-0.25	-9.00409200077149	1.076505986770831	0.4188961617606656
-0.2222222222222223	-0.1	-11.91001581015034	0.4888295351510514	0.1507207858187526
-0.07407407407407418	-3.1	-0.9474663231263662	0.08757517178475704	0.04154092540756169
-0.07407407407407418	-2.95	-1.064392565422168	0.00994525890098874	0.08088823115680625
-0.07407407407407418	-2.8	-0.9639747113062385	0.1527606494743303	0.0204967389605773
-0.07407407407407418	-2.65	-1.102480970839009	0.06013527597752266	0.03237162355964258
-0.07407407407407418	-2.5	-1.142603774006245	0.06982431593867999	0.07153123133221592
-0.07407407407407418	-2.35	-1.187893223389529	0.07880538266363279	0.08078822034102931
-0.07407407407407418	-2.2	-1.198764662506001	0.1272897141988969	0.1013555420604157
-0.07407407407407418	-2.05	-1.141339994531504	0.2499051401670498	0.0718448479769301
-0.07407407407407418	-1.9	-1.243325874411134	0.2198497021016355	0.04664296403156597
-0.07407407407407418	-1.75	-1.388119168492187	0.1548284023276283	0.06013642017767811
-0.07407407407407418	-1.6	-1.462877490065878	0.1690394637601371	0.03518331774714141
-0.07407407407407418	-1.45	-1.787240250909611	0.05546910069307032	0.06811136491691328
-0.07407407407407418	-1.3	-1.655178631223395	0.189458474091337	0.1361278393209615
-0.07407407407407418	-1.15	-1.757672449604873	0.2155618437092068	0.08286141522354995
-0.07407407407407418	-1	-2.375260912584429	0.2541645159229735	0.02912704756170655
-0.07407407407407418	-0.8500000000000001	-2.226275458692537	0.06662504085114618	0.2258611828889291
-0.07407407407407418	-0.7000000000000002	-2.436790291135883	0.0581796469682514	0.1461908197013038
-0.07407407407407418	-0.5500000000000003	-2.743052670703235	0.006984775118038744	0.06158621177377377
-0.07407407407407418	-0.4000000000000004	-2.349065168150145	0.6796334101904362	0.2617111708433282
-0.07407407407407418	-0.25	-3.520046487879418	0.1287070680830618	0.2820646869449429
-0.07407407407407418	-0.1	-7.050938716062523	3.198453309081856	0.1001674584181847
0.07407407407407396	-3.1	0.9213549037226205	0.1136865911885028	0.070906845124782
0.07407407407407396	-2.95	0.9046328260718559	0.1697049982513004	0.06032050006793117
0.07407407407407396	-2.8	0.8376219124306911	0.2791134483498777	0.05414047571592045
0.07407407407407396	-2.65	1.052960219381012	0.1096560274355194	0.02826399550727809
0.07407407407407396	-2.5	1.126481152212469	0.08594693773245532	0.05808263506759839
0.07407407407407396	-2.35	1.21528946458205	0.05140914147111197	0.07403527782597512
0.07407407407407396	-2.2	1.536362556221656	0.2103081795167583	0.2053610274519346
0.07407407407407396	-2.05	1.454419349465749	0.06317421476718232	0.02849842960461536
0.07407407407407396	-1.9	1.456191143232049	0.00698443328072007	0.04780145291061395
0.07407407407407396	-1.75	1.429466991891921	0.1134805789278941	0.03340361773032003
0.07407407407407396	-1.6	1.801988794609722	0.1700718407837067	0.1457702718426785
0.07407407407407396	-1.45	2.172689476579343	0.4409183263628023	0.07518150613521359
0.07407407407407396	-1.3	2.059442836283808	0.2148057309690754	0.1236875789455816
0.07407407407407396	-1.15	2.208687049857956	0.2354527565438764	0.2104450686072711
0.07407407407407396	-1	2.755785788263657	0.6346893916022012	0.05654988213475057
0.07407407407407396	-0.8500000000000001	2.812111338725577	0.5192108391818939	0.04414449109322874
0.07407407407407396	-0.7000000000000002	2.714090812421854	0.2191208743177193	0.119188168589886
0.07407407407407396	-0.5500000000000003	3.480230936226518	0.7441630406413218	0.05646598997218338
0.07407407407407396	-0.4000000000000004	2.862975876458875	0.1657227018817067	0.1135695280450295
0.07407407407407396	-0.25	3.302170474884008	0.08916894491233585	0.08773643660123422
0.07407407407407396	-0.1	6.205762495008922	2.353277088028256	0.208646007450211
0.2222222222222223	-3.1	3.355784117543005	0.2533574353723083	0.03959881766022134
0.2222222222222223	-2.95	3.251618753489909	0.03162179057055381	0.1253638734231612
0.2222222222222223	-2.8	3.527388742477452	0.1805701007372309	0.1187876431879212
0.2222222222222223	-2.65	3.855409529003186	0.37138252786982	0.1904238106768705
0.2222222222222223	-2.5	3.910333170963573	0.2773824314753592	0.1001389892341423
0.2222222222222223	-2.35	4.425907579783241	0.6307526499828837	0.01543457399752779
0.2222222222222223	-2.2	4.598444800422557	0.6259488596718978	0.259317569651421
0.2222222222222223	-2.05	4.428020918563369	0.2608285304107296	0.1623872794153187
0.2222222222222223	-1.9	4.227804542293868	0.1541133008723401	0.1634387740653494
0.2222222222222223	-1.75	4.413408094423255	0.2065153872371539	0.1917255065489006
0.2222222222222223	-1.6	4.888926414343049	0.003723846225745397	0.1394582272035086
0.2222222222222223	-1.45	5.498974285190902	0.3162599100086751	0.06729011217519552
0.2222222222222223	-1.3	5.729194020664613	0.2104999056083763	0.1343131547266768
0.2222222222222223	-1.15	5.10560975930896	0.795480152895415	0.1192753079041969
0.2222222222222223	-1	6.286810877301813	0.05338086860809721	0.1346645077616144
0.2222222222222223	-0.8500000000000001	6.483806824551283	0.3657511682152856	0.7341032261645543
0.2222222222222223	-0.7000000000000002	6.384006183665475	1.063410666529697	0.04717194072597864
0.2222222222222223	-0.5500000000000003	6.884290314822972	1.274560546460379	0.4561273098150934
0.2222222222222223	-0.4000000000000004	7.355233596453671	1.664088834928016	0.4657424971287378
0.2222222222222223	-0.25	8.951244395322977	1.129353592219358	0.8682484315952382
0.2222222222222223	-0.1	11.36023476078088	0.06095151421841294	0.2078641455518034
0.3703703703703702	-3.1	4.786565829970186	0.3751946397806263	0.05439527661839635
0.3703703703703702	-2.95	5.161723490259648	0.1949336627894169	0.1280304503634849
0.3703703703703702	-2.8	5.331543347076045	0.2352575954603839	0.09792376511471036
0.3703703703703702	-2.65	5.854311356724762	0.06026385303524684	0.1748322815601277
0.3703703703703702	-2.5	6.157974470186309	0.1174092872890444	0.174483203941798
0.3703703703703702	-2.35	6.536449763532143	0.2275462868024878	0.161891518604891
0.3703703703703702	-2.2	6.2760294738829	0.3260507557650829	0.1038335429966555
0.3703703703703702	-2.05	7.158255565831297	0.234561776332705	0.03625811394221669
0.3703703703703702	-1.9	7.881007298674727	0.6029384772813673	0.0925560277385102
0.3703703703703702	-1.75	7.825444755235699	0.1549966509236995	0.2611088192442095
0.3703703703703702	-1.6	8.192113970794074	0.08486593513603502	0.02282678203742763
0.3703703703703702	-1.45	8.639430862129149	0.04302710037434387	0.2558041313136624
0.3703703703703702	-1.3	9.567458662424082	0.4196161426223597	0.1563040892362903
0.3703703703703702	-1.15	9.707229697600591	0.06691407609197952	0.1090618026011104
0.3703703703703702	-1	10.5871341217004	0.09565710936880656	0.328417800356584
0.3703703703703702	-0.8500000000000001	11.73998618638118	0.4190246885293227	0.1362513074304761
0.3703703703703702	-0.7000000000000002	11.35441996853692	0.9362630365589144	0.2437622738087834
0.3703703703703702	-0.5500000000000003	12.78587116120225	0.6528900638261828	0.2837104106090978
0.3703703703703702	-0.4000000000000004	13.83510300281548	0.9830442480653172	0.6709022367780441
0.3703703703703702	-0.25	14.34012039496307	2.164240986791945	0.6112015050809982
0.3703703703703702	-0.1	11.1249418431643	7.483454823825689	0.7275752862592972
0.5185185185185182	-3.1	7.203395998415834	0.004417662090021146	0.05237196234730519
0.5185185185185182	-2.95	7.519666547448141	0.04118095084455931	0.03199292917576812
0.5185185185185182	-2.8	7.550762822567094	0.2193871710990685	0.04591369095371847
0.5185185185185182	-2.65	8.310966484980577	0.2256359889168031	0.02433434435104984
0.5185185185185182	-2.5	8.529624990764955	0.1026559692842799	0.1258957796410422
0.5185185185185182	-2.35	8.827458364449203	0.02894295164753835	0.1832429689720848
0.5185185185185182	-2.2	9.24435815467621	0.0403172002078982	0.1380566675328217
0.5185185185185182	-2.05	9.510240694700219	0.1381427293851498	0.1051338666755772
0.5185185185185182	-1.9	9.892518755434676	0.2448155101514846	0.2343056731668276
0.5185185185185182	-1.75	10.79780696894192	0.1199242946278876	0.1508566890799165
0.5185185185185182	-1.6	11.0379196649252	0.2406178645586632	0.04662813259609042
0.5185185185185182	-1.45	11.57212572775905	0.377631493734798	0.143470234054597
0.5185185185185182	-1.3	12.75431712730534	0.04978599037719178	0.1229723196555575
0.5185185185185182	-1.15	13.89004832984391	0.3308707986898796	0.1776699746858983
0.5185185185185182	-1	14.81914953883047	0.2846944582903603	0.2499730947166112
0.5185185185185182	-0.8500000000000001	15.88939539145823	0.2322586261907666	0.01964911065089554
0.5185185185185182	-0.7000000000000002	17.06629773235858	0.1040208294861245	0.3404901861229418
0.5185185185185182	-0.5500000000000003	18.44980654611829	0.04672854421367489	0.2759496849138515
0.5185185185185182	-0.4000000000000004	19.39675998134781	0.926376848315126	0.1463259059544317
0.5185185185185182	-0.25	20.38454550610847	2.144852496828374	0.1487588327100884
0.5185185185185182	-0.1	19.1156991020642	6.122575311109699	0.4108797688853763
0.6666666666666665	-3.1	8.886456175280651	0.349102917885272	0.06889245332201262
0.6666666666666665	-2.95	9.357580277983564	0.2223117640284809	0.04159836000401929
0.6666666666666665	-2.8	9.805893176828814	0.1447335111227837	0.07348354583223267
0.6666666666666665	-2.65	10.79066011271071	0.4397744577801888	0.07911521998664245
0.6666666666666665	-2.5	10.65747273520048	0.1268251323621232	0.3249834206475005
0.6666666666666665	-2.35	11.50441177199506	0.2493077783805315	0.2781834335378672
0.6666666666666665	-2.2	11.89264665795975	0.1243577259391131	0.2461371415924097
0.6666666666666665	-2.05	12.76027403847735	0.4305244034050322	0.1175604230603898
0.6666666666666665	-1.9	13.1015113656826	0.1550018500456716	0.1856876607148334
0.6666666666666665	-1.75	13.82443843201387	0.1974435721223262	0.1208309657121499
0.6666666666666665	-1.6	14.84423837493555	0.4628437838449493	0.1301223662275828
0.6666666666666665	-1.45	15.93952759849373	0.7173943722253124	0.552403414497736
0.6666666666666665	-1.3	16.68974501575631	0.5252458634993928	0.5872970646967642
0.6666666666666665	-1.15	17.32274097952304	0.09525275307208858	0.1714383837196658
0.6666666666666665	-1	18.58023612295995	0.1452873000379462	0.4036657985154503
0.6666666666666665	-0.8500000000000001	20.41524202445065	0.5980895048316803	0.3687648403633904
0.6666666666666665	-0.7000000000000002	21.92821113252337	0.5152416576516039	0.518518496648337
0.6666666666666665	-0.5500000000000003	24.19945577517855	0.9265517110965753	0.3384914125002705
0.6666666666666665	-0.4000000000000004	23.91895005215515	1.544395009716446	0.45819557832772
0.6666666666666665	-0.25	26.31628880173559	1.75619813411738	0.9148147006200635
0.6666666666666665	-0.1	30.32615147172353	0.8922512926228556	0.2853831908410041
0.8148148148148149	-3.1	11.66495678344706	0.4247150581325858	0.09806761399524944
0.8148148148148149	-2.95	11.83157673534531	0.1759647791499646	0.0551575803850495
0.8148148148148149	-2.8	12.21432635349511	0.111942042833558	0.06818074901482567
0.8148148148148149	-2.65	12.79630982157474	0.2121111832681066	0.04187501567575022
0.8148148148148149	-2.5	13.4408333792073	0.3355643889885656	0.1285007600540299
0.8148148148148149	-2.35	14.08174283800518	0.4112439066120963	0.34409497597175
0.8148148148148149	-2.2	15.01052274745401	0.7248977008591719	0.07441896053215631
0.8148148148148149	-2.05	15.68452084805536	0.7271241004094886	0.04996266897175951
0.8148148148148149	-1.9	16.6254378417982	0.9316346942304925	0.05779977927887105
0.8148148148148149	-1.75	17.19045929573563	0.6860979139806034	0.05658783227756511
0.8148148148148149	-1.6	17.99700905066751	0.5965233643293963	0.170013117783539
0.8148148148148149	-1.45	18.54246163074123	0.14649836282317	0.1108210708858396
0.8148148148148149	-1.3	19.13658924863525	0.3709828820308125	0.1246149445865341
0.8148148148148149	-1.15	20.44250804508333	0.3133802406005586	0.2204099268256782
0.8148148148148149	-1	22.05091473915831	0.1154310829241609	0.3873487470162362
0.8148148148148149	-0.8500000000000001	23.22660370544126	0.5440295949401026	0.6494462038430429
0.8148148148148149	-0.7000000000000002	25.55018665676825	0.05834547380525379	1.255125138078469
0.8148148148148149	-0.5500000000000003	27.48300254433254	0.2473177075771638	1.177779536947559
0.8148148148148149	-0.4000000000000004	28.70589807438888	1.493959996754636	0.07214034050366132
0.8148148148148149	-0.25	32.12717268948342	0.9712210723490315	0.6441395940142934
0.8148148148148149	-0.1	33.14026763808592	3.388587728899246	0.7178126786028193
0.9629629629629628	-3.1	13.41747496895177	0.2000360856045358	0.1993877818054593
0.9629629629629628	-2.95	13.96089366899122	0.2601165746920593	0.258560294084461
0.9629629629629628	-2.8	14.26736176696584	0.04731028771818124	0.1627638286182783
0.9629629629629628	-2.65	14.90357033333939	0.1242414527283877	0.172302948456475
0.9629629629629628	-2.5	15.57355848038804	0.1902615135067283	0.1113519110243601
0.9629629629629628	-2.35	16.07715343622225	0.03976993650602623	0.1304297260415795
0.9629629629629628	-2.2	16.81533040132093	0.06742734292096486	0.1060951322177004
0.9629629629629628	-2.05	17.68183998105013	0.1596014989059427	0.2580010214809443
0.9629629629629628	-1.9	18.36487011499084	0.00419627681452539	0.2092366764178014
0.9629629629629628	-1.75	18.86475966820966	0.4338791993119386	0.3007706094084825
0.9629629629629628	-1.6	20.40425081546662	0.08111398580367535	0.4509215024988095
0.9629629629629628	-1.45	21.39313338305772	0.06398163764526288	0.4210298876508217
0.9629629629629628	-1.3	23.23162852074508	0.5135647780079822	0.8001738538977929
0.9629629629629628	-1.15	25.07388060378026	0.9467621786426612	0.6351008107668431
0.9629629629629628	-1	26.03380786106912	0.3238540802578562	0.3293973740921436
0.9629629629629628	-0.8500000000000001	27.43113052617123	0.06677187659894557	0.4112003444791873
0.9629629629629628	-0.7000000000000002	29.64725504166628	0.1179223333440866	0.5682063348118264
0.9629629629629628	-0.5500000000000003	30.89025647472578	0.961039918105687	0.2351337299156181
0.9629629629629628	-0.4000000000000004	33.78199976554324	0.7393871149294569	0.5918786598916368
0.9629629629629628	-0.25	32.83934242613979	4.770248364572502	1.143888252734011
0.9629629629629628	-0.1	29.72722201179176	11.47235801054998	0.4718065389935661
1.111111111111111	-3.1	15.29614126199209	0.1330322198263136	0.1412027291756616
1.111111111111111	-2.95	15.58571881632336	0.125252662883053	0.2484816169809606
1.111111111111111	-2.8	16.27554958864081	0.02324679289651144	0.02836760154327774
1.111111111111111	-2.65	16.72464520764715	0.2063380145425988	0.09654062893910693
1.111111111111111	-2.5	17.68627618508193	0.0736983421580959	0.2157409974328531
1.111111111111111	-2.35	18.51028996867081	0.1608997374742209	0.2106260923194796
1.111111111111111	-2.2	19.60097565575266	0.4528381978130582	0.3608401450532588
1.111111111111111	-2.05	20.73338787519157	0.7167701540053102	0.4950598762947978
1.111111111111111	-1.9	21.38126511774602	0.417342260842851	0.1741406866873737
1.111111111111111	-1.75	22.05440106966417	0.05370271912358504	0.1462026711854842
1.111111111111111	-1.6	23.7143227881771	0.5748610249654114	0.2646177570494084
1.111111111111111	-1.45	25.1227040178312	0.7277116075788186	0.1524812450702847
1.111111111111111	-1.3	26.00330677669592	0.2185000822182985	0.05346582506641898
1.111111111111111	-1.15	26.93576521719489	0.393968617732309	0.2399981849450157
1.111111111111111	-1	28.24083022228073	0.8137738767964109	0.5293390804572867
1.111111111111111	-0.8500000000000001	30.03542683303527	0.9536258472900592	0.8253185904152907
1.111111111111111	-0.7000000000000002	31.35527590532969	1.813144915929794	0.6107202556303374
1.111111111111111	-0.5500000000000003	33.59549402183146	2.039196511015483	0.2402294284516209
1.111111111111111	-0.4000000000000004	35.0195854993754	3.417715991687125	0.4019258408632777
1.111111111111111	-0.25	35.01154712787052	6.621992208699673	0.2910019030031309
1.111111111111111	-0.1	36.85701536955062	8.430900697006464	0.3809648218466152
1.259259259259259	-3.1	16.98808904278782	0.08553915826949776	0.06780742299358365
1.259259259259259	-2.95	17.56198628007617	0.1202854736448913	0.1359412043980437
1.259259259259259	-2.8	18.33638728728923	0.00201608986994728	0.1743532633775474
1.259259259259259	-2.65	18.92960370601286	0.1049605358814318	0.1531219407930169
1.259259259259259	-2.5	20.04019398134233	0.2520532046406281	0.4397650120991922
1.259259259259259	-2.35	21.20128609666797	0.6001315638715354	0.351812653618408
1.259259259259259	-2.2	22.15349950621637	0.6729430311823918	0.4124576369036738
1.259259259259259	-2.05	22.75260071394022	0.3182464051436362	0.3421000761332009
1.259259259259259	-1.9	23.59569289223306	0.1238896878332234	0.06459889203128333
1.259259259259259	-1.75	24.70590335720204	0.1022698478943873	0.2650799489131366
1.259259259259259	-1.6	25.6521987488212	0.1901229018129769	0.1009688172376914
1.259259259259259	-1.45	26.78201288239154	0.4203974041346044	0.03957762716627279
1.259259259259259	-1.3	28.01323737229082	0.6876450472800855	0.4357917902503112
1.259259259259259	-1.15	29.02422420561346	1.333366326176439	0.6180326073023528
1.259259259259259	-1	31.02929007283369	1.166443861879561	0.6081084251501975
1.259259259259259	-0.8500000000000001	31.9567316426955	2.285630628825686	0.3470722941795726
1.259259259259259	-0.7000000000000002	32.87877224843599	3.650083118549169	0.1199588890293489
1.259259259259259	-0.5500000000000003	34.09395840373453	4.997323306376117	0.2076666146961531
1.259259259259259	-0.4000000000000004	36.18515804554957	5.785301298840118	0.4159785523692177
1.259259259259259	-0.25	38.61328088786071	6.598141693178604	0.1728646981091022
1.259259259259259	-0.1	44.09992001910521	4.761911236310077	0.117989685846505
1.407407407407407	-3.1	18.90307835813886	0.04273526309642151	0.1388171765815562
1.407407407407407	-2.95	19.68395688858678	0.07268509196988049	0.1674822607386992
1.407407407407407	-2.8	20.26234794419787	0.06078888546507244	0.1505354987606608
1.407407407407407	-2.65	21.46522867697397	0.3790348475171328	0.4780934665228798
1.407407407407407	-2.5	22.58687139287667	0.6810029894208043	0.0564606709093372
1.407407407407407	-2.35	23.09670220746894	0.3083735978180115	0.1949526579388232
1.407407407407407	-2.2	23.45164678406852	0.2889577508380761	0.3341027305871979
1.407407407407407	-2.05	24.48675290057565	0.2839753792108191	0.1186061664975847
1.407407407407407	-1.9	25.67434450827559	0.2135527263642096	0.5665687825780377
1.407407407407407	-1.75	26.3769881296287	0.725675227197133	0.2939737660287935
1.407407407407407	-1.6	27.69284922753507	0.7343012313983053	0.2640826609229966
1.407407407407407	-1.45	28.4786842007006	1.396615684619984	0.07622668122211705
1.407407407407407	-1.3	29.83293416995709	1.630207558736721	0.3377597293923846
1.407407407407407	-1.15	31.26530789683439	1.943774977789271	0.2097919125021931
1.407407407407407	-1	32.71036179784451	2.423831259071129	0.1882414571267694
1.407407407407407	-0.8500000000000001	33.45892661335064	3.803526795508745	0.3464754640172176
1.407407407407407	-0.7000000000000002	35.40242842293427	4.218477066239615	0.1512145621105923
1.407407407407407	-0.5500000000000003	38.12339859274489	4.116199991053406	0.1843055709020298
1.407407407407407	-0.4000000000000004	42.28534230287762	2.865833545547275	0.3228171768743817
1.407407407407407	-0.25	48.79110065747431	0.4012348566564015	0.1419843069399784
1.407407407407407	-0.1	57.01295544236823	5.023389856528013	0.192460050735017
1.555555555555555	-3.1	20.57398994747062	0.2029453798971304	0.0792217209081854
1.555555555555555	-2.95	21.54951588264374	0.0544235627222065	0.1989844330492753
1.555555555555555	-2.8	22.73994394117235	0.4778747970467272	0.07454860287332833
1.555555555555555	-2.65	23.50462134498941	0.4219074107405518	0.2466471834435882
1.555555555555555	-2.5	23.68919115758419	0.2732978169940026	0.1931151109130144
1.555555555555555	-2.35	24.11765039053711	0.78991006535907	0.1239122976987157
1.555555555555555	-2.2	25.44789741554944	0.477004092005	0.2235519016840772
1.555555555555555	-2.05	26.41664175814661	0.605768046090688	0.3018652380848394
1.555555555555555	-1.9	27.50029597962716	0.7087446905566246	0.3740541236566104
1.555555555555555	-1.75	28.33358051898704	1.161375298700666	0.3297653662651499
1.555555555555555	-1.6	29.18567579534645	1.706010611827693	0.2808362756051027
1.555555555555555	-1.45	30.69071060171294	1.721596016638273	0.4060100899711558
1.555555555555555	-1.3	32.00840555346453	2.063204253929655	0.4469334375311124
1.555555555555555	-1.15	33.2498163429353	2.636456438973106	0.3701962709185961
1.555555555555555	-1	34.52405455474748	3.350929096350733	0.1029575310508153
1.555555555555555	-0.8500000000000001	36.59848673152334	3.460006994722356	0.1186615998189913
1.555555555555555	-0.7000000000000002	39.91688178425551	2.542650811134159	0.1523945735352215
1.555555555555555	-0.5500000000000003	43.98878879606882	1.113708016800572	0.2272102143881628
1.555555555555555	-0.4000000000000004	50.59334045946838	2.58055295528505	0.4334350983133428
1.555555555555555	-0.25	59.47198517386683	8.256349274164172	0.1693859275888628
1.555555555555555	-0.1	75.01431992350528	20.28008758285091	0.2551312148988627
1.703703703703703	-3.1	22.47383451177954	0.09088179487957149	0.1170596421958182
1.703703703703703	-2.95	23.58237769650274	0.2510008647123314	0.06444476521131201
1.703703703703703	-2.8	23.93309513506715	0.2156536188538674	0.1538741179378185
1.703703703703703	-2.65	24.53082029328557	0.4908471700426489	0.1066989672567868
1.703703703703703	-2.5	25.08527895214691	0.8702656482558915	0.09555214689525286
1.703703703703703	-2.35	26.32476080071998	0.6316833990923243	0.2842831974054278
1.703703703703703	-2.2	27.20647696352251	0.8246909077290425	0.2398501245318518
1.703703703703703	-2.05	28.19248193420473	0.9948671303700642	0.3402719925078661
1.703703703703703	-1.9	28.9710811368799	1.462474628674709	0.3458219406110727
1.703703703703703	-1.75	30.1394828277203	1.639916984942051	0.2695659365387224
1.703703703703703	-1.6	31.13323361073341	2.10241558216331	0.3915137069620083
1.703703703703703	-1.45	32.292943665633	2.521393190468679	0.1569085788735373
1.703703703703703	-1.3	33.83849765004821	2.690357716936951	0.1807099515903882
1.703703703703703	-1.15	35.77216213160759	2.621858435058599	0.1549027679110206
1.703703703703703	-1	37.89193335153476	2.534145388564376	0.1172870589447302
1.703703703703703	-0.8500000000000001	40.81536258842551	1.827257439267953	0.1695532739739881
1.703703703703703	-0.7000000000000002	45.12477622327773	0.06243045951335802	0.1767853714578744
1.703703703703703	-0.5500000000000003	50.49505870652003	2.790438920695472	0.2206406806361521
1.703703703703703	-0.4000000000000004	57.8592856250654	7.270569405047404	0.3496278033190634
1.703703703703703	-0.25	67.01877284691849	13.28610782310376	0.1747879158833589
1.703703703703703	-0.1	78.51149362426484	21.3598903879812	0.3806653574941247
1.851851851851852	-3.1	23.8572394332362	0.4500833050953474	0.1796004705696412
1.851851851851852	-2.95	24.50622403710993	0.6120517889935684	0.2264853047513135
1.851851851851852	-2.8	25.22676866987852	0.7545682718191991	0.2617620275298205
1.851851851851852	-2.65	25.99064954332268	0.9106133971207804	0.208068017123057
1.851851851851852	-2.5	26.94724551852958	0.9360951019186246	0.1956675940731336
1.851851851851852	-2.35	27.85706487457006	1.076383910600953	0.327899627930953
1.851851851851852	-2.2	28.9839663561255	1.074159123361163	0.2623507408348981
1.851851851851852	-2.05	30.00023991001546	1.264399569701791	0.3188243510398253
1.851851851851852	-1.9	30.7983513864799	1.762712853344123	0.2651415716139838
1.851851851851852	-1.75	31.8617763907499	2.094574792824133	0.1439562579638129
1.851851851851852	-1.6	33.06198262346312	2.398414692698182	0.1189931065742642
1.851851851851852	-1.45	34.93127040390178	2.152828989406963	0.09225437860853693
1.851851851851852	-1.3	36.68729809343851	2.152084983474175	0.07617301222092189
1.851851851851852	-1.15	38.59528936726023	2.143900991070183	0.08014828921742768
1.851851851851852	-1	41.81932513110525	0.978076707128956	0.169861403124237
1.851851851851852	-0.8500000000000001	45.52790165118306	0.499239432706986	0.3592223052357246
1.851851851851852	-0.7000000000000002	49.88384564881298	2.435777581190322	0.2087094624955012
1.851851851851852	-0.5500000000000003	56.51353302845098	6.442865062187089	0.2133627958230914
1.851851851851852	-0.4000000000000004	63.05646414074605	10.14574468197164	0.2300408128794733
1.851851851851852	-0.25	71.46285014323939	15.48220013306584	0.1801231308161418
1.851851851851852	-0.1	79.22472847595608	19.93504027573982	0.3335283954722671
2	-3.1	25.38427991305299	0.6190659314584614	0.2610249255010431
2	-2.95	26.14823885287417	0.7061824876444263	0.2413287537322064
2	-2.8	27.06661139131351	0.6919292097465295	0.1631315197340936
2	-2.65	27.74262078749046	0.9777060103790269	0.1928947659062777
2	-2.5	28.52914450028081	1.215736796661421	0.2637420900965959
2	-2.35	29.43391864500911	1.403913299678134	0.2127714122125997
2	-2.2	30.42811507185596	1.577268136227538	0.2802411725516104
2	-2.05	31.59342108761657	1.660945487095496	0.07378621594630051
2	-1.9	32.68672956621823	1.905559121291724	0.2522005856326655
2	-1.75	34.01557881576367	2.011794569339941	0.242968276588187
2	-1.6	35.52938690924352	2.039205119583968	0.07649503551218884
2	-1.45	37.53943792316606	1.686236174170666	0.2035444254082625
2	-1.3	39.66035940480392	1.348727496766308	0.1746455513331736
2	-1.15	42.219304174931	0.7106651720279089	0.1004595585141509
2	-1	45.86970376244734	0.8697037624473438	0.09918817475039617
2	-0.8500000000000001	49.79971405601455	2.568539447983312	0.2383057140943076
2	-0.7000000000000002	55.02978214535686	5.394318718454223	0.2220697253423042
2	-0.5500000000000003	60.57728868604868	8.352972992003323	0.3855584844195674
2	-0.4000000000000004	66.93138982764809	11.92341002620675	0.1360591394039924
2	-0.25	74.28540515318164	16.29078836126514	0.3515436028715088
2	-0.1	79.46314341289467	18.27393715586773	0.3858976901319765
