# Data file generated by gp_save.m
# x/m y/m phi/deg phi_error/deg phi_std/deg
-1.8	-1.8	-45.09557633173984	0.09557633173983504	0.06573130326747255
-1.8	-1.666666666666667	-44.98596711568455	0.01403288431545491	0.2750974551725185
-1.8	-1.533333333333333	-43.61129184512195	1.388708154878046	0.1261050539113196
-1.8	-1.4	-43.39258417829012	1.607415821709878	0.1349975327596691
-1.8	-1.266666666666667	-43.44893756476642	1.551062435233575	0.1333898851520096
-1.8	-1.133333333333333	-43.24622116431151	1.753778835688486	0.1406107946974116
-1.8	-1	-43.39555225347051	1.604447746529488	0.3564236847621325
-1.8	-0.8666666666666667	-43.39605442740761	1.603945572592394	0.1954340817779243
-1.8	-0.7333333333333334	-42.57886584104445	2.421134158955546	0.4869678906241607
-1.8	-0.6000000000000001	-43.83224779669232	1.167752203307678	0.2635690872004797
-1.8	-0.4666666666666668	-43.17134078277012	1.828659217229877	0.4975530077673544
-1.8	-0.3333333333333335	-43.73754372726343	1.262456272736571	0.4842465042148808
-1.8	-0.2	-44.17559657041484	0.8244034295851606	0.219766232400235
-1.8	-0.06666666666666665	-43.24669103894999	1.75330896105001	0.2373703990548722
-1.8	0.06666666666666665	-43.96136732552348	1.038632674476517	0.2548256036255533
-1.8	0.2	-43.0116827252028	1.988317274797197	0.22514647317567
-1.8	0.3333333333333333	-43.31924513694882	1.680754863051177	0.1778466279241296
-1.8	0.4666666666666666	-44.0643342269238	0.9356657730761953	0.1327505152919684
-1.8	0.5999999999999999	-44.32996077115814	0.6700392288418584	0.2897911345966746
-1.8	0.7333333333333332	-45.28983510973361	0.2898351097336089	0.2729641984164067
-1.8	0.8666666666666665	-46.94071831989379	1.94071831989379	0.3974621441166634
-1.8	0.9999999999999998	-47.10640685622301	2.10640685622301	1.014977063300478
-1.8	1.133333333333333	-50.9899366244202	5.989936624420203	0.8505346276412205
-1.8	1.266666666666666	-53.62805102897669	8.628051028976685	1.113096226629019
-1.8	1.4	-55.68535056715066	10.68535056715066	0.3242195511535801
-1.8	1.533333333333333	-63.24338388268666	18.24338388268666	0.4832808208988047
-1.8	1.666666666666667	-69.43111401906239	24.43111401906239	0.588517731298309
-1.8	1.8	-78.18358446361071	33.18358446361071	0.3187975339294541
-1.666666666666667	-1.8	-44.66586322072188	0.3341367792781185	0.01441651855584593
-1.666666666666667	-1.666666666666667	-44.73901737101352	0.2609826289864827	0.1108957462804164
-1.666666666666667	-1.533333333333333	-44.34581334381734	0.6541866561826595	0.08951577501654318
-1.666666666666667	-1.4	-44.04175235124268	0.9582476487573217	0.1463644401799503
-1.666666666666667	-1.266666666666667	-43.76060424693808	1.23939575306192	0.3187312510192841
-1.666666666666667	-1.133333333333333	-44.61049212736365	0.3895078726363508	0.6149915825443025
-1.666666666666667	-1	-43.16190405641051	1.838095943589494	0.1771052784165612
-1.666666666666667	-0.8666666666666667	-43.7400346747173	1.2599653252827	0.6307335790888386
-1.666666666666667	-0.7333333333333334	-43.66209090428471	1.33790909571529	0.1755950290515451
-1.666666666666667	-0.6000000000000001	-43.83116825741671	1.168831742583293	0.381717800693556
-1.666666666666667	-0.4666666666666668	-43.25349735776783	1.746502642232166	0.7152846831298557
-1.666666666666667	-0.3333333333333335	-44.16158390014671	0.8384160998532906	0.184157512333701
-1.666666666666667	-0.2	-44.60505200127149	0.3949479987285116	0.1525414492385598
-1.666666666666667	-0.06666666666666665	-44.6320998336962	0.367900166303798	0.3257168099211228
-1.666666666666667	0.06666666666666665	-44.7485322700774	0.2514677299225951	0.310657778112436
-1.666666666666667	0.2	-43.78288883203594	1.217111167964063	0.9940370305998832
-1.666666666666667	0.3333333333333333	-43.79924166523521	1.200758334764785	0.1950654989656691
-1.666666666666667	0.4666666666666666	-43.366732559185	1.633267440815004	0.3649401547921047
-1.666666666666667	0.5999999999999999	-43.87926113523169	1.120738864768313	0.2821788516557296
-1.666666666666667	0.7333333333333332	-44.09679296166809	0.9032070383319137	0.2781552883111099
-1.666666666666667	0.8666666666666665	-44.77159043722467	0.2284095627753331	0.1956709658216
-1.666666666666667	0.9999999999999998	-45.14009122575965	0.1400912257596474	0.4895521826052732
-1.666666666666667	1.133333333333333	-46.92663568506621	1.926635685066209	0.5540794404422272
-1.666666666666667	1.266666666666666	-50.64893793852151	5.648937938521506	0.7216041284072652
-1.666666666666667	1.4	-51.9378703614364	6.937870361436396	0.1725495192292209
-1.666666666666667	1.533333333333333	-56.99046826841635	11.99046826841635	1.096816909110985
-1.666666666666667	1.666666666666667	-63.88284355104867	18.88284355104867	0.7572344143400727
-1.666666666666667	1.8	-72.32345909394975	27.32345909394975	0.5429389760072314
-1.533333333333333	-1.8	-45.16415447317016	0.1641544731701643	0.09740874101908654
-1.533333333333333	-1.666666666666667	-45.07267961586341	0.07267961586340732	0.1266576410302844
-1.533333333333333	-1.533333333333333	-44.71491023086745	0.2850897691325542	0.08965854792767756
-1.533333333333333	-1.4	-44.98587575386254	0.014124246137456	0.3035393431737485
-1.533333333333333	-1.266666666666667	-44.15658166488987	0.8434183351101296	0.1174137549848006
-1.533333333333333	-1.133333333333333	-43.184213955749	1.815786044250999	0.4136074331304735
-1.533333333333333	-1	-43.84255084913157	1.15744915086843	0.142412348604917
-1.533333333333333	-0.8666666666666667	-44.76748527793076	0.2325147220692401	0.2784511046312921
-1.533333333333333	-0.7333333333333334	-43.0869347522726	1.913065247727396	0.3013202903252907
-1.533333333333333	-0.6000000000000001	-43.57727966843863	1.422720331561365	0.2564361372419952
-1.533333333333333	-0.4666666666666668	-43.7411034676032	1.258896532396804	0.3930642746292251
-1.533333333333333	-0.3333333333333335	-44.03898331454871	0.9610166854512912	0.1950027249524086
-1.533333333333333	-0.2	-44.86860704759187	0.1313929524081345	0.3168146219505703
-1.533333333333333	-0.06666666666666665	-44.22635771319725	0.7736422868027546	0.3444613248572622
-1.533333333333333	0.06666666666666665	-45.38957148861263	0.3895714886126314	0.3302804720611694
-1.533333333333333	0.2	-45.82225307928657	0.8222530792865683	0.809099481626858
-1.533333333333333	0.3333333333333333	-43.45410072930348	1.545899270696523	0.1459971941453032
-1.533333333333333	0.4666666666666666	-44.57467265979137	0.4253273402086251	0.4376358414839615
-1.533333333333333	0.5999999999999999	-43.39778135464334	1.602218645356665	0.151046014988788
-1.533333333333333	0.7333333333333332	-43.31057334509207	1.689426654907933	0.5254819231895256
-1.533333333333333	0.8666666666666665	-43.7983549959925	1.201645004007496	0.1573257083858619
-1.533333333333333	0.9999999999999998	-44.70257341054882	0.2974265894511845	0.6131605144624199
-1.533333333333333	1.133333333333333	-45.46943178425178	0.4694317842517819	0.5145267356972937
-1.533333333333333	1.266666666666666	-47.55873331597841	2.558733315978408	0.4808106135746887
-1.533333333333333	1.4	-47.24813858327921	2.248138583279207	0.7404582907988689
-1.533333333333333	1.533333333333333	-50.80897706349724	5.808977063497238	0.8039803195081821
-1.533333333333333	1.666666666666667	-57.38754177880772	12.38754177880772	0.4985254359602929
-1.533333333333333	1.8	-63.55527982553576	18.55527982553576	0.3508869176331024
-1.4	-1.8	-45.15007257858311	0.1500725785831065	0.09711520589971717
-1.4	-1.666666666666667	-45.59501756405636	0.5950175640563629	0.06237793524915667
-1.4	-1.533333333333333	-45.22289455760593	0.222894557605926	0.05666400989952559
-1.4	-1.4	-45.49056887364626	0.4905688736462608	0.05314509941635483
-1.4	-1.266666666666667	-44.7662973081566	0.2337026918434049	0.09750081373010354
-1.4	-1.133333333333333	-44.23895604609294	0.7610439539070626	0.05657453061744973
-1.4	-1	-43.56742165596787	1.43257834403213	0.1048863609632613
-1.4	-0.8666666666666667	-44.24199336166115	0.7580066383388484	0.2752969179847986
-1.4	-0.7333333333333334	-43.97992594004402	1.020074059955981	0.2162828885302524
-1.4	-0.6000000000000001	-44.70877559363014	0.2912244063698637	0.4293271098331713
-1.4	-0.4666666666666668	-43.95221832285036	1.047781677149644	0.08908124268055563
-1.4	-0.3333333333333335	-42.84689551132557	2.15310448867443	0.5620039511705417
-1.4	-0.2	-44.48443984274044	0.5155601572595643	0.34226425628358
-1.4	-0.06666666666666665	-44.83427762688213	0.1657223731178661	0.2429966112406396
-1.4	0.06666666666666665	-44.68178953147791	0.3182104685220892	0.3030199246210843
-1.4	0.2	-45.73164931090194	0.7316493109019433	0.5397251137118655
-1.4	0.3333333333333333	-45.61987610483768	0.6198761048376795	0.2401945667817793
-1.4	0.4666666666666666	-45.98071345919035	0.9807134591903477	0.545803061989929
-1.4	0.5999999999999999	-43.91499579007554	1.085004209924463	0.3342149646700972
-1.4	0.7333333333333332	-44.12199552719714	0.8780044728028571	0.1623950660514748
-1.4	0.8666666666666665	-43.69739654957174	1.302603450428265	0.2207152712682396
-1.4	0.9999999999999998	-43.88139329449333	1.118606705506672	0.2793700364730667
-1.4	1.133333333333333	-43.85919550884552	1.140804491154483	0.4160075909095584
-1.4	1.266666666666666	-44.37478965427849	0.6252103457215128	0.5063553098732614
-1.4	1.4	-44.04337035085192	0.9566296491480841	0.6261169050274229
-1.4	1.533333333333333	-45.62558696471829	0.6255869647182877	0.8765165507939928
-1.4	1.666666666666667	-50.56369753230258	5.563697532302584	1.309673152128106
-1.4	1.8	-60.6583655567437	15.6583655567437	0.8340979138065087
-1.266666666666667	-1.8	-45.34640641837541	0.346406418375409	0.1472257402962583
-1.266666666666667	-1.666666666666667	-45.13115608529533	0.1311560852953306	0.2890772595821575
-1.266666666666667	-1.533333333333333	-45.31610125537436	0.3161012553743632	0.2111307312348138
-1.266666666666667	-1.4	-44.65077027502814	0.3492297249718632	0.4730138494927553
-1.266666666666667	-1.266666666666667	-44.56330660344012	0.4366933965598818	0.1304437848884189
-1.266666666666667	-1.133333333333333	-44.7974194957756	0.2025805042244002	0.3254460716865049
-1.266666666666667	-1	-43.81311125845808	1.186888741541921	0.1790899298452614
-1.266666666666667	-0.8666666666666667	-43.64332336433866	1.356676635661337	0.2209873648115297
-1.266666666666667	-0.7333333333333334	-44.36265796608601	0.6373420339139884	0.7673061085031896
-1.266666666666667	-0.6000000000000001	-43.14943920226902	1.850560797730978	0.395567740614007
-1.266666666666667	-0.4666666666666668	-44.81953045295959	0.1804695470404099	0.3817377289124129
-1.266666666666667	-0.3333333333333335	-44.61654020823843	0.3834597917615667	0.1765322889101356
-1.266666666666667	-0.2	-44.11491017427956	0.885089825720442	0.3280940256403151
-1.266666666666667	-0.06666666666666665	-44.45254820281065	0.5474517971893533	0.3750899869492552
-1.266666666666667	0.06666666666666665	-45.26750057363019	0.2675005736301941	0.4909745879126306
-1.266666666666667	0.2	-45.37819238355096	0.3781923835509602	0.1504725967348939
-1.266666666666667	0.3333333333333333	-46.02123447216108	1.021234472161076	0.07993068614365631
-1.266666666666667	0.4666666666666666	-46.35747198920134	1.357471989201336	0.4801083484014289
-1.266666666666667	0.5999999999999999	-45.83175677231156	0.8317567723115573	0.5554326635120588
-1.266666666666667	0.7333333333333332	-45.55425840518431	0.5542584051843065	0.6751997004692064
-1.266666666666667	0.8666666666666665	-43.72656044084421	1.27343955915579	0.7126011238815916
-1.266666666666667	0.9999999999999998	-44.22791419195205	0.7720858080479474	0.4685142004435728
-1.266666666666667	1.133333333333333	-43.06366566291295	1.936334337087047	0.357172046494059
-1.266666666666667	1.266666666666666	-43.4942144098037	1.505785590196297	0.06691384128912731
-1.266666666666667	1.4	-43.32610436599707	1.673895634002932	0.4102218920064919
-1.266666666666667	1.533333333333333	-42.18794901654501	2.812050983454995	0.2864634433268927
-1.266666666666667	1.666666666666667	-39.83486136101417	5.16513863898583	1.78563564874393
-1.266666666666667	1.8	-34.22150996677588	10.77849003322412	0.927945830496372
-1.133333333333333	-1.8	-45.91263528328496	0.9126352832849562	0.1454281061723678
-1.133333333333333	-1.666666666666667	-45.62806866552064	0.6280686655206438	0.2354051513282455
-1.133333333333333	-1.533333333333333	-46.38507065814086	1.385070658140862	0.3240763907583286
-1.133333333333333	-1.4	-45.71679346824122	0.7167934682412209	0.2348846821833585
-1.133333333333333	-1.266666666666667	-45.9159595722077	0.9159595722077043	0.1351134024944106
-1.133333333333333	-1.133333333333333	-44.97780894180157	0.02219105819843037	0.1485990676852371
-1.133333333333333	-1	-45.45208312376608	0.4520831237660801	0.2082268638454951
-1.133333333333333	-0.8666666666666667	-44.09200032545374	0.9079996745462608	0.2458047506026265
-1.133333333333333	-0.7333333333333334	-43.46415889264753	1.535841107352468	0.3648019422927464
-1.133333333333333	-0.6000000000000001	-43.91162356506739	1.088376434932606	0.9417532963197864
-1.133333333333333	-0.4666666666666668	-43.15556735836859	1.844432641631414	0.2701237561682605
-1.133333333333333	-0.3333333333333335	-44.02569039734333	0.9743096026566747	0.4344655987490487
-1.133333333333333	-0.2	-43.71209649449784	1.287903505502165	0.6875684121217281
-1.133333333333333	-0.06666666666666665	-44.32205753133017	0.6779424686698263	0.2211354347865875
-1.133333333333333	0.06666666666666665	-44.33155473921411	0.6684452607858873	0.2963519529663997
-1.133333333333333	0.2	-45.44923868508444	0.4492386850844383	0.4051228815484815
-1.133333333333333	0.3333333333333333	-45.73462451795029	0.7346245179502944	0.3725386184214478
-1.133333333333333	0.4666666666666666	-46.37700730580886	1.37700730580886	0.2428977505889527
-1.133333333333333	0.5999999999999999	-46.72021293406829	1.720212934068293	0.3021298455963459
-1.133333333333333	0.7333333333333332	-46.64712328422489	1.64712328422489	0.07437296507721972
-1.133333333333333	0.8666666666666665	-46.02814759723486	1.028147597234863	0.1088140060506532
-1.133333333333333	0.9999999999999998	-44.14145750834496	0.8585424916550437	0.5093227258102385
-1.133333333333333	1.133333333333333	-43.36518636886915	1.634813631130854	0.4045937217396636
-1.133333333333333	1.266666666666666	-43.29030127419085	1.709698725809154	0.2027407319500417
-1.133333333333333	1.4	-42.23603089539753	2.763969104602467	0.07582473277405939
-1.133333333333333	1.533333333333333	-46.02040415688775	1.02040415688775	0.2206496862895219
-1.133333333333333	1.666666666666667	-45.47252514533803	0.4725251453380324	1.796537898951102
-1.133333333333333	1.8	-44.03546553912638	0.9645344608736153	0.7147126585453251
-1	-1.8	-46.22365461061124	1.223654610611241	0.3423177024663316
-1	-1.666666666666667	-45.45241028377016	0.4524102837701633	0.4639652462222303
-1	-1.533333333333333	-45.7466834714981	0.7466834714981019	0.366257932199631
-1	-1.4	-46.40068167717849	1.40068167717849	0.3399826428312305
-1	-1.266666666666667	-45.32795792172821	0.3279579217282134	0.2018184244046522
-1	-1.133333333333333	-45.07286788440737	0.07286788440737269	0.2253859015542338
-1	-1	-44.88690172919797	0.1130982708020269	0.1847067506325461
-1	-0.8666666666666667	-44.36155412125898	0.6384458787410239	0.5455988658864731
-1	-0.7333333333333334	-44.20915853270693	0.7908414672930704	0.262269415388957
-1	-0.6000000000000001	-44.04022819352796	0.9597718064720411	0.3001945866107875
-1	-0.4666666666666668	-45.20035207699041	0.2003520769904057	0.2171928922629098
-1	-0.3333333333333335	-43.7661090450991	1.2338909549009	0.6550852463508906
-1	-0.2	-44.10247751700833	0.8975224829916684	0.509083034108326
-1	-0.06666666666666665	-43.85308632558126	1.146913674418741	0.4789201416356975
-1	0.06666666666666665	-45.48507309553491	0.485073095534915	0.2146525488918108
-1	0.2	-45.05471225119793	0.05471225119792678	0.5404646648981856
-1	0.3333333333333333	-45.2807278620825	0.2807278620825002	0.3675463336957989
-1	0.4666666666666666	-46.27256329681639	1.272563296816386	0.2353885071828599
-1	0.5999999999999999	-46.94993764319877	1.949937643198766	0.2994993850829752
-1	0.7333333333333332	-45.7298062644175	0.7298062644175047	0.233959886071117
-1	0.8666666666666665	-46.93762336504831	1.93762336504831	0.5068134845353074
-1	0.9999999999999998	-46.99480328298156	1.994803282981557	0.9314655783964844
-1	1.133333333333333	-44.1543351894058	0.8456648105942008	0.8449469364254455
-1	1.266666666666666	-43.78427411522496	1.21572588477504	0.3628588366414883
-1	1.4	-41.64838168949832	3.351618310501678	0.5566493749971654
-1	1.533333333333333	-42.96607673942483	2.033923260575172	0.3504888697728057
-1	1.666666666666667	-43.40401622603817	1.595983773961834	0.2927687300021607
-1	1.8	-55.03180640482076	10.03180640482076	3.665160204330569
-0.8666666666666667	-1.8	-46.66584306356255	1.665843063562548	0.2567473762483462
-0.8666666666666667	-1.666666666666667	-46.09652350958415	1.096523509584152	0.2491801032381138
-0.8666666666666667	-1.533333333333333	-45.62356459118858	0.6235645911885754	0.243525228012441
-0.8666666666666667	-1.4	-46.10560424218239	1.105604242182388	0.1104364330033687
-0.8666666666666667	-1.266666666666667	-46.42124786346882	1.421247863468821	0.2745116527216487
-0.8666666666666667	-1.133333333333333	-45.89835668779998	0.898356687799982	0.05765002550196122
-0.8666666666666667	-1	-45.82656407537507	0.8265640753750745	0.6639383706324272
-0.8666666666666667	-0.8666666666666667	-44.68728797613363	0.3127120238663679	0.1712609201906395
-0.8666666666666667	-0.7333333333333334	-44.86786684781602	0.1321331521839824	0.3069746629554214
-0.8666666666666667	-0.6000000000000001	-43.51387792274912	1.486122077250883	0.2123550011423628
-0.8666666666666667	-0.4666666666666668	-43.1271698988072	1.872830101192804	0.4522832076784006
-0.8666666666666667	-0.3333333333333335	-43.71336635679599	1.286633643204013	0.2041126692953451
-0.8666666666666667	-0.2	-43.68755164078287	1.312448359217129	0.3537817522567249
-0.8666666666666667	-0.06666666666666665	-44.32872161029876	0.6712783897012429	0.4427419764356451
-0.8666666666666667	0.06666666666666665	-43.58556603899604	1.414433961003958	0.4419374229230217
-0.8666666666666667	0.2	-45.06227720399731	0.0622772039973114	0.2714133921897914
-0.8666666666666667	0.3333333333333333	-44.5663812400591	0.4336187599408987	0.1729028772081111
-0.8666666666666667	0.4666666666666666	-45.9213778224463	0.9213778224462956	0.4969158587134495
-0.8666666666666667	0.5999999999999999	-46.47947705293095	1.479477052930953	0.68945717665867
-0.8666666666666667	0.7333333333333332	-46.11002878751729	1.110028787517294	0.373651977835503
-0.8666666666666667	0.8666666666666665	-46.54149222438748	1.541492224387483	0.3693728284689385
-0.8666666666666667	0.9999999999999998	-46.56944814927992	1.569448149279921	0.7280305933329745
-0.8666666666666667	1.133333333333333	-44.61629963673545	0.3837003632645519	0.5732468031349858
-0.8666666666666667	1.266666666666666	-45.71567152970881	0.7156715297088141	0.1103352486627654
-0.8666666666666667	1.4	-45.6938246971676	0.6938246971675994	0.6184500345041288
-0.8666666666666667	1.533333333333333	-42.41334032865542	2.586659671344577	1.85828713603484
-0.8666666666666667	1.666666666666667	-34.18868863531295	10.81131136468705	0.9766945327567759
-0.8666666666666667	1.8	-13.40836439081595	31.59163560918405	1.522064019788529
-0.7333333333333334	-1.8	-47.00938511712578	2.009385117125781	0.2974991529307682
-0.7333333333333334	-1.666666666666667	-46.69821291012416	1.698212910124163	0.05709719218559869
-0.7333333333333334	-1.533333333333333	-45.90823832503372	0.9082383250337216	0.22760196233236
-0.7333333333333334	-1.4	-45.99380188030351	0.9938018803035078	0.3887361672620073
-0.7333333333333334	-1.266666666666667	-45.43178710373693	0.4317871037369301	0.1307265870687128
-0.7333333333333334	-1.133333333333333	-46.1087031583971	1.108703158397098	0.2560114101926187
-0.7333333333333334	-1	-45.58056768742149	0.5805676874214925	0.3378739833416309
-0.7333333333333334	-0.8666666666666667	-45.95228139253733	0.9522813925373299	0.1480809309549359
-0.7333333333333334	-0.7333333333333334	-44.87751587861258	0.1224841213874157	0.06398332309946693
-0.7333333333333334	-0.6000000000000001	-44.21676988021581	0.7832301197841929	0.04880605004109231
-0.7333333333333334	-0.4666666666666668	-44.07495271685205	0.925047283147947	0.1570306031748756
-0.7333333333333334	-0.3333333333333335	-44.29734416917271	0.7026558308272897	0.9772171840845105
-0.7333333333333334	-0.2	-43.33448740234765	1.665512597652352	0.406831131177676
-0.7333333333333334	-0.06666666666666665	-43.02283635522166	1.977163644778344	0.2162875588641033
-0.7333333333333334	0.06666666666666665	-42.96139932053747	2.038600679462533	0.4143690457524915
-0.7333333333333334	0.2	-43.71121546687024	1.288784533129764	0.4344103626297751
-0.7333333333333334	0.3333333333333333	-43.44288510622653	1.557114893773473	0.1800813087620499
-0.7333333333333334	0.4666666666666666	-44.31384895639777	0.68615104360223	0.6437154694931551
-0.7333333333333334	0.5999999999999999	-45.62462586267183	0.6246258626718344	0.1891740254136608
-0.7333333333333334	0.7333333333333332	-46.32941423222278	1.329414232222781	0.1297729721835955
-0.7333333333333334	0.8666666666666665	-47.38495660122497	2.384956601224971	0.1180844493744898
-0.7333333333333334	0.9999999999999998	-47.56492994886251	2.564929948862506	0.2206528320121998
-0.7333333333333334	1.133333333333333	-46.81977673298265	1.819776732982646	0.5718882195840523
-0.7333333333333334	1.266666666666666	-46.32140192952605	1.321401929526054	0.5143488808726187
-0.7333333333333334	1.4	-44.3379995144388	0.6620004855612009	0.7672275966962366
-0.7333333333333334	1.533333333333333	-43.46627374493001	1.533726255069993	0.3082277881639469
-0.7333333333333334	1.666666666666667	-45.33810310866023	0.3381031086602277	3.403792420846865
-0.7333333333333334	1.8	-40.60376015749336	4.396239842506638	7.252039376160221
-0.6000000000000001	-1.8	-46.40595277730578	1.405952777305778	0.2011790820480971
-0.6000000000000001	-1.666666666666667	-46.67197521506722	1.671975215067221	0.4554676535681737
-0.6000000000000001	-1.533333333333333	-47.13843190617801	2.138431906178013	0.1889713519743203
-0.6000000000000001	-1.4	-46.33618015341222	1.336180153412222	0.3582866815662981
-0.6000000000000001	-1.266666666666667	-46.63607187567646	1.636071875676464	0.4007168432835422
-0.6000000000000001	-1.133333333333333	-46.38519798740755	1.385197987407551	0.1712215230990665
-0.6000000000000001	-1	-46.63750016821211	1.637500168212114	0.175952563256152
-0.6000000000000001	-0.8666666666666667	-45.77295877850135	0.772958778501355	0.4990491322753114
-0.6000000000000001	-0.7333333333333334	-45.74691042039039	0.7469104203903925	0.3346964298488231
-0.6000000000000001	-0.6000000000000001	-44.78130541414978	0.2186945858502227	0.1068550686388782
-0.6000000000000001	-0.4666666666666668	-46.16770659772508	1.167706597725079	0.2554085614429346
-0.6000000000000001	-0.3333333333333335	-43.55154058330579	1.448459416694206	0.2994609111913339
-0.6000000000000001	-0.2	-42.94972964761119	2.050270352388807	0.24650115360921
-0.6000000000000001	-0.06666666666666665	-43.07609476978489	1.923905230215112	0.07154664681350803
-0.6000000000000001	0.06666666666666665	-43.28579077820591	1.714209221794086	0.1497791157670977
-0.6000000000000001	0.2	-42.93392127147778	2.066078728522221	0.1496412915481473
-0.6000000000000001	0.3333333333333333	-44.15333022631164	0.8466697736883617	0.2867182493404811
-0.6000000000000001	0.4666666666666666	-43.64477672696988	1.35522327303012	0.3516758599865574
-0.6000000000000001	0.5999999999999999	-45.80895057006212	0.8089505700621231	0.8013584656535145
-0.6000000000000001	0.7333333333333332	-45.86192732716607	0.8619273271660717	0.648975128303803
-0.6000000000000001	0.8666666666666665	-47.07362039520596	2.073620395205964	0.4883949165242817
-0.6000000000000001	0.9999999999999998	-48.0855224378424	3.0855224378424	0.9575533822955299
-0.6000000000000001	1.133333333333333	-47.80078960309712	2.800789603097122	0.3314733614245443
-0.6000000000000001	1.266666666666666	-47.53843962677455	2.538439626774554	1.139477357230603
-0.6000000000000001	1.4	-48.02189722590405	3.021897225904048	0.3093779565754877
-0.6000000000000001	1.533333333333333	-44.59266206311543	0.4073379368845664	2.882422815525366
-0.6000000000000001	1.666666666666667	-39.79326387387187	5.206736126128135	4.40625047099048
-0.6000000000000001	1.8	-28.8389464563385	16.1610535436615	8.264175166526616
-0.4666666666666668	-1.8	-47.51207680791727	2.512076807917275	0.5247910404675784
-0.4666666666666668	-1.666666666666667	-46.52667199988937	1.526671999889366	0.7341942819245897
-0.4666666666666668	-1.533333333333333	-46.8937889778657	1.893788977865697	0.3651311673837626
-0.4666666666666668	-1.4	-47.10532833859073	2.105328338590731	0.5060100418690879
-0.4666666666666668	-1.266666666666667	-46.16639468439264	1.166394684392642	0.2143634615740634
-0.4666666666666668	-1.133333333333333	-47.29391358641774	2.293913586417737	0.1300566696579553
-0.4666666666666668	-1	-45.41181680128362	0.4118168012836207	0.4724071849262917
-0.4666666666666668	-0.8666666666666667	-46.04963388065394	1.049633880653936	0.6775164063142426
-0.4666666666666668	-0.7333333333333334	-45.37505573289678	0.375055732896783	0.4125832706424689
-0.4666666666666668	-0.6000000000000001	-45.72716356629248	0.7271635662924822	0.4546621412151235
-0.4666666666666668	-0.4666666666666668	-44.71631549623208	0.2836845037679154	0.2642908381805126
-0.4666666666666668	-0.3333333333333335	-44.35230378967981	0.6476962103201913	0.1852204447850416
-0.4666666666666668	-0.2	-44.31143771141974	0.6885622885802576	0.1654921078312363
-0.4666666666666668	-0.06666666666666665	-43.62803235224381	1.371967647756186	0.4363625167214847
-0.4666666666666668	0.06666666666666665	-43.11941207675086	1.880587923249138	0.2541682624169906
-0.4666666666666668	0.2	-43.288962309601	1.711037690399003	0.6617457667897301
-0.4666666666666668	0.3333333333333333	-43.34987596609058	1.650124033909421	0.5072078639904996
-0.4666666666666668	0.4666666666666666	-43.45012929181696	1.549870708183036	0.6566168101398097
-0.4666666666666668	0.5999999999999999	-44.05324083393965	0.946759166060346	0.5957067877311653
-0.4666666666666668	0.7333333333333332	-45.0802846434074	0.08028464340740271	0.720413514636953
-0.4666666666666668	0.8666666666666665	-45.27928213376457	0.2792821337645677	0.377946648573551
-0.4666666666666668	0.9999999999999998	-46.94062468292407	1.940624682924067	0.3321117735814419
-0.4666666666666668	1.133333333333333	-48.11026984395871	3.110269843958712	0.9460917121093119
-0.4666666666666668	1.266666666666666	-48.63826986440819	3.638269864408187	1.185943412286898
-0.4666666666666668	1.4	-48.65426692533318	3.654266925333175	0.4423810971336349
-0.4666666666666668	1.533333333333333	-48.65193546327142	3.651935463271421	0.2940808053206366
-0.4666666666666668	1.666666666666667	-46.83723926260469	1.83723926260469	0.5510632249143754
-0.4666666666666668	1.8	-37.51539484272376	7.484605157276242	2.992111698936191
-0.3333333333333335	-1.8	-46.55226851956109	1.552268519561089	0.5362645987967144
-0.3333333333333335	-1.666666666666667	-46.53537646508412	1.53537646508412	0.1902241830550435
-0.3333333333333335	-1.533333333333333	-47.91015097849795	2.910150978497953	0.521666258181152
-0.3333333333333335	-1.4	-47.1611427076495	2.161142707649503	0.4075137832079504
-0.3333333333333335	-1.266666666666667	-47.11641522733175	2.11641522733175	0.1669794409608887
-0.3333333333333335	-1.133333333333333	-46.44294377581912	1.442943775819124	0.06706548912512002
-0.3333333333333335	-1	-46.61925716358751	1.619257163587505	0.1128485625386048
-0.3333333333333335	-0.8666666666666667	-46.33702738332313	1.337027383323132	0.06420830091989269
-0.3333333333333335	-0.7333333333333334	-46.19705124837131	1.197051248371309	0.8402397405513931
-0.3333333333333335	-0.6000000000000001	-44.08601559026722	0.9139844097327838	0.3926012540161615
-0.3333333333333335	-0.4666666666666668	-45.72002642198388	0.7200264219838814	0.2262402039447728
-0.3333333333333335	-0.3333333333333335	-44.11957824583025	0.8804217541697525	0.2871448907587844
-0.3333333333333335	-0.2	-44.57241408275748	0.4275859172425243	0.6364740719717747
-0.3333333333333335	-0.06666666666666665	-43.24835149985172	1.751648500148278	0.4167026243148517
-0.3333333333333335	0.06666666666666665	-42.99173580775252	2.008264192247481	0.3268614778683697
-0.3333333333333335	0.2	-42.7708002365812	2.229199763418798	0.2792412824708834
-0.3333333333333335	0.3333333333333333	-42.57161869601644	2.428381303983564	0.775144758163932
-0.3333333333333335	0.4666666666666666	-42.15039523984044	2.849604760159558	0.3294399342238665
-0.3333333333333335	0.5999999999999999	-42.23070337223798	2.769296627762024	0.2760316943986896
-0.3333333333333335	0.7333333333333332	-44.10421615410492	0.8957838458950818	0.3331628332661384
-0.3333333333333335	0.8666666666666665	-44.36560549379872	0.6343945062012821	0.2161606805264593
-0.3333333333333335	0.9999999999999998	-46.3753840962937	1.375384096293701	0.5293018232698088
-0.3333333333333335	1.133333333333333	-46.68404793781691	1.684047937816914	0.2193504402209962
-0.3333333333333335	1.266666666666666	-45.5234079850337	0.5234079850336997	1.991687633011174
-0.3333333333333335	1.4	-46.94320505898649	1.943205058986493	0.798047162516711
-0.3333333333333335	1.533333333333333	-47.69656597141875	2.69656597141875	0.8662196666560003
-0.3333333333333335	1.666666666666667	-48.6777870249941	3.677787024994096	2.046047210931299
-0.3333333333333335	1.8	-56.08472619128774	11.08472619128774	7.392233104870096
-0.2	-1.8	-46.9444247632273	1.944424763227296	0.3940515826945922
-0.2	-1.666666666666667	-46.67893914196845	1.678939141968449	0.2139132093693182
-0.2	-1.533333333333333	-46.08895456660347	1.088954566603469	0.5724949778369367
-0.2	-1.4	-46.58237537419758	1.582375374197582	0.4280148800132323
-0.2	-1.266666666666667	-46.87156550053483	1.871565500534828	0.1893049228407442
-0.2	-1.133333333333333	-46.92333652754805	1.923336527548045	0.142411493226644
-0.2	-1	-46.92795051086181	1.927950510861805	0.3177706372943219
-0.2	-0.8666666666666667	-46.71608525855776	1.716085258557762	0.2680267049543306
-0.2	-0.7333333333333334	-46.4006174321372	1.400617432137196	0.3647037686287363
-0.2	-0.6000000000000001	-46.61979431039706	1.619794310397062	0.1825946803285186
-0.2	-0.4666666666666668	-45.57624978736131	0.5762497873613057	0.6359227535260108
-0.2	-0.3333333333333335	-45.77163896820134	0.7716389682013371	0.1111973762835222
-0.2	-0.2	-44.09381766240191	0.9061823375980893	0.4095462532993564
-0.2	-0.06666666666666665	-44.9465252111308	0.05347478886919532	0.1901374567466131
-0.2	0.06666666666666665	-43.69890593734335	1.301094062656645	0.2448525272792456
-0.2	0.2	-42.66554236010362	2.334457639896378	0.6959118377095209
-0.2	0.3333333333333333	-42.18515418066116	2.814845819338835	0.2783795702307454
-0.2	0.4666666666666666	-42.15136452208247	2.848635477917533	0.153439461860637
-0.2	0.5999999999999999	-41.64040999956842	3.359590000431581	0.1374096335799683
-0.2	0.7333333333333332	-41.46575204126189	3.534247958738113	0.2351011386083366
-0.2	0.8666666666666665	-41.96956660623604	3.030433393763964	0.3139489639749221
-0.2	0.9999999999999998	-43.38705813150221	1.612941868497792	0.2193368122482003
-0.2	1.133333333333333	-44.93509556343184	0.06490443656815614	0.1617526440336465
-0.2	1.266666666666666	-45.44088749696847	0.4408874969684717	0.1329909814892805
-0.2	1.4	-46.02974410166405	1.029744101664051	0.8638127039411697
-0.2	1.533333333333333	-44.51431525034581	0.4856847496541903	0.6356405367895281
-0.2	1.666666666666667	-35.58043518490062	9.419564815099378	6.390059302004737
-0.2	1.8	-18.8438354716129	26.1561645283871	0.7698791530044879
-0.06666666666666665	-1.8	-45.67513169252211	0.6751316925221076	0.7531553091587794
-0.06666666666666665	-1.666666666666667	-45.48997951892904	0.4899795189290401	0.3714656051565861
-0.06666666666666665	-1.533333333333333	-46.44315691148221	1.443156911482212	0.05210213356321206
-0.06666666666666665	-1.4	-46.35363525280339	1.353635252803393	0.6703380804439506
-0.06666666666666665	-1.266666666666667	-47.00564099435187	2.005640994351872	0.3283704799202416
-0.06666666666666665	-1.133333333333333	-47.06307283022322	2.06307283022322	0.1718626547211463
-0.06666666666666665	-1	-47.35020537892766	2.350205378927662	0.4053199623389119
-0.06666666666666665	-0.8666666666666667	-47.07553408017717	2.075534080177171	0.3825305214946431
-0.06666666666666665	-0.7333333333333334	-47.3901348638767	2.390134863876696	0.3724733574877756
-0.06666666666666665	-0.6000000000000001	-46.70288222525729	1.702882225257291	0.3902358627029295
-0.06666666666666665	-0.4666666666666668	-47.20970222159452	2.209702221594519	0.05970601026995662
-0.06666666666666665	-0.3333333333333335	-45.49416085933063	0.4941608593306341	1.098702209083392
-0.06666666666666665	-0.2	-45.63916074386869	0.6391607438686933	0.2075442749067069
-0.06666666666666665	-0.06666666666666665	-43.75460108593321	1.24539891406679	0.8267920842607966
-0.06666666666666665	0.06666666666666665	-44.241790056395	0.7582099436050029	0.1090576543480057
-0.06666666666666665	0.2	-42.05095693275514	2.949043067244858	1.31111239378661
-0.06666666666666665	0.3333333333333333	-42.18465008917865	2.815349910821347	0.9642834047474753
-0.06666666666666665	0.4666666666666666	-42.77571795890197	2.224282041098029	0.1981707091739856
-0.06666666666666665	0.5999999999999999	-40.66988162375421	4.330118376245785	0.3025905312932636
-0.06666666666666665	0.7333333333333332	-42.1659757947406	2.834024205259404	0.2690295857019881
-0.06666666666666665	0.8666666666666665	-42.26112979669728	2.738870203302724	0.3817291291312803
-0.06666666666666665	0.9999999999999998	-40.95872124550958	4.041278754490421	1.263196083651374
-0.06666666666666665	1.133333333333333	-43.30357660944291	1.696423390557086	0.6071581894132403
-0.06666666666666665	1.266666666666666	-43.92166205638539	1.078337943614613	1.798189308991617
-0.06666666666666665	1.4	-44.78934716492099	0.21065283507901	0.7397171360483878
-0.06666666666666665	1.533333333333333	-46.74851996738428	1.748519967384283	2.396345415277997
-0.06666666666666665	1.666666666666667	-44.57987122042147	0.4201287795785333	1.024187350174386
-0.06666666666666665	1.8	-27.66192941518448	17.33807058481552	20.97646257858724
0.06666666666666665	-1.8	-45.8857756821244	0.8857756821244038	0.4394318588749332
0.06666666666666665	-1.666666666666667	-45.36924873710816	0.3692487371081583	0.3365956696911624
0.06666666666666665	-1.533333333333333	-45.65961180545295	0.659611805452947	0.4590804893687127
0.06666666666666665	-1.4	-45.9773585265306	0.9773585265306011	0.2042922299989124
0.06666666666666665	-1.266666666666667	-46.05460424076331	1.054604240763311	0.5903453725944896
0.06666666666666665	-1.133333333333333	-47.35408403251328	2.354084032513285	0.2424510674511509
0.06666666666666665	-1	-46.51985919696019	1.519859196960191	0.3311911027070376
0.06666666666666665	-0.8666666666666667	-46.83570688941413	1.835706889414134	0.217966942901953
0.06666666666666665	-0.7333333333333334	-47.27570904486405	2.275709044864051	0.7001108879959458
0.06666666666666665	-0.6000000000000001	-47.66065392623487	2.660653926234872	0.6917390630602691
0.06666666666666665	-0.4666666666666668	-46.62820537228612	1.628205372286118	0.8137242487125661
0.06666666666666665	-0.3333333333333335	-46.6636123889265	1.663612388926502	1.24743539771026
0.06666666666666665	-0.2	-45.11676536665351	0.1167653666535102	0.6362102550776689
0.06666666666666665	-0.06666666666666665	-46.75616464826665	1.756164648266648	0.3090190704642834
0.06666666666666665	0.06666666666666665	-44.11438427817549	0.8856157218245144	0.30848921399128
0.06666666666666665	0.2	-43.95491902653227	1.045080973467734	0.3883799661513442
0.06666666666666665	0.3333333333333333	-42.64684580395566	2.353154196044343	0.257569500658228
0.06666666666666665	0.4666666666666666	-41.9394559951884	3.060544004811604	0.1438005515072598
0.06666666666666665	0.5999999999999999	-41.49564203727101	3.504357962728989	0.2491432468147344
0.06666666666666665	0.7333333333333332	-41.00754933669998	3.992450663300019	0.3576790390946049
0.06666666666666665	0.8666666666666665	-40.8940007215576	4.105999278442397	1.452020211435189
0.06666666666666665	0.9999999999999998	-42.13773058739294	2.862269412607063	0.4067892849276281
0.06666666666666665	1.133333333333333	-42.33997297737623	2.660027022623773	0.9069643978168777
0.06666666666666665	1.266666666666666	-41.84021245452287	3.15978754547713	0.9471280580682673
0.06666666666666665	1.4	-40.52049791761421	4.479502082385785	1.93723421536573
0.06666666666666665	1.533333333333333	-40.2038637361144	4.7961362638856	3.985388155941427
0.06666666666666665	1.666666666666667	-41.46262358840364	3.537376411596355	1.202270232721991
0.06666666666666665	1.8	-51.48107636601331	6.481076366013312	1.46989420860863
0.2	-1.8	-45.22769040850792	0.2276904085079181	0.7950768239610703
0.2	-1.666666666666667	-44.57341851261212	0.4265814873878782	0.696004630200928
0.2	-1.533333333333333	-44.55662420082744	0.4433757991725571	1.16029535628611
0.2	-1.4	-44.89729575891299	0.1027042410870109	0.8855715161897073
0.2	-1.266666666666667	-46.34827870242016	1.34827870242016	0.3896818214883251
0.2	-1.133333333333333	-45.72067476055356	0.7206747605535568	0.4701197597194704
0.2	-1	-46.5730410435949	1.573041043594898	0.1388454719082046
0.2	-0.8666666666666667	-46.85736132732264	1.857361327322636	0.1299289979422882
0.2	-0.7333333333333334	-47.59010551221219	2.59010551221219	0.1150750892971168
0.2	-0.6000000000000001	-46.39379150365253	1.39379150365253	0.8879481068356511
0.2	-0.4666666666666668	-47.41458244837453	2.414582448374532	0.9073423622908479
0.2	-0.3333333333333335	-47.09062040992537	2.090620409925371	0.6983351259915465
0.2	-0.2	-46.55199562817968	1.551995628179682	0.7493139666539749
0.2	-0.06666666666666665	-44.97307037092918	0.02692962907082119	0.7437703588093567
0.2	0.06666666666666665	-45.75672894204786	0.7567289420478573	0.2286644663448292
0.2	0.2	-44.10523376319129	0.8947662368087137	0.8229474512241239
0.2	0.3333333333333333	-45.56923366800519	0.5692336680051895	1.116270750890985
0.2	0.4666666666666666	-43.51556095956717	1.484439040432832	0.2695901496544355
0.2	0.5999999999999999	-43.30964559434345	1.690354405656549	0.9248448281219648
0.2	0.7333333333333332	-40.36034056056455	4.639659439435448	1.25315796227806
0.2	0.8666666666666665	-41.26268030365101	3.73731969634899	0.6211584477098672
0.2	0.9999999999999998	-40.69012732293275	4.309872677067247	0.6980800991876041
0.2	1.133333333333333	-41.71400699362007	3.285993006379933	0.7791974987813225
0.2	1.266666666666666	-42.67454824221862	2.32545175778138	0.5208187567583065
0.2	1.4	-46.09276974896794	1.092769748967939	0.5475481062368805
0.2	1.533333333333333	-43.5132493100699	1.486750689930105	1.323511432671555
0.2	1.666666666666667	-35.40512437416221	9.594875625837794	4.857531098553212
0.2	1.8	-25.94215449235194	19.05784550764806	10.39551979869561
0.3333333333333333	-1.8	-45.56125926631919	0.5612592663191904	0.3876812747596274
0.3333333333333333	-1.666666666666667	-45.03031651457278	0.03031651457278173	0.119136774095683
0.3333333333333333	-1.533333333333333	-45.35578527062018	0.3557852706201814	0.2610351134079512
0.3333333333333333	-1.4	-43.86327429369157	1.136725706308432	1.030280774711346
0.3333333333333333	-1.266666666666667	-43.93073944570868	1.069260554291318	0.7697224550491547
0.3333333333333333	-1.133333333333333	-44.82300182436166	0.1769981756383388	1.073245429017033
0.3333333333333333	-1	-46.04599006928157	1.045990069281572	0.6681321181834364
0.3333333333333333	-0.8666666666666667	-47.47996306791558	2.479963067915577	0.06453285975959827
0.3333333333333333	-0.7333333333333334	-47.38506927427359	2.38506927427359	0.1597545046543161
0.3333333333333333	-0.6000000000000001	-48.00023618971623	3.000236189716233	0.2703905242875188
0.3333333333333333	-0.4666666666666668	-49.29193085425148	4.291930854251476	0.4782450349692762
0.3333333333333333	-0.3333333333333335	-48.5344987003457	3.534498700345701	0.2071099872813221
0.3333333333333333	-0.2	-47.98512949058197	2.985129490581969	0.4029510118070746
0.3333333333333333	-0.06666666666666665	-47.29962984011468	2.299629840114683	0.4699979295327389
0.3333333333333333	0.06666666666666665	-45.12927288043729	0.1292728804372913	0.6277088304184685
0.3333333333333333	0.2	-46.0052818342356	1.005281834235596	0.6042015096546125
0.3333333333333333	0.3333333333333333	-43.62682993610189	1.373170063898108	0.2308274733042816
0.3333333333333333	0.4666666666666666	-44.357121855241	0.6428781447590026	1.103965553339528
0.3333333333333333	0.5999999999999999	-43.16859666814084	1.831403331859157	1.039132197380916
0.3333333333333333	0.7333333333333332	-41.73347830181107	3.266521698188932	1.19370554485063
0.3333333333333333	0.8666666666666665	-41.2620413389249	3.737958661075105	1.558664593828934
0.3333333333333333	0.9999999999999998	-41.29585918959153	3.704140810408468	0.2988499111947686
0.3333333333333333	1.133333333333333	-39.88748926485962	5.112510735140376	0.3389059854511253
0.3333333333333333	1.266666666666666	-41.66738373527409	3.332616264725914	0.3768400080111729
0.3333333333333333	1.4	-41.48740862124072	3.512591378759282	0.6794649426448287
0.3333333333333333	1.533333333333333	-42.46985640374341	2.530143596256593	0.5872185190068873
0.3333333333333333	1.666666666666667	-43.08047711171645	1.919522888283552	1.20964145070181
0.3333333333333333	1.8	-42.83257048104618	2.167429518953824	1.732329094168958
0.4666666666666666	-1.8	-44.77452154226493	0.2254784577350719	0.1252103101378164
0.4666666666666666	-1.666666666666667	-45.19128253394894	0.1912825339489359	0.5826132831895766
0.4666666666666666	-1.533333333333333	-44.68657701300798	0.3134229869920233	0.573275451530845
0.4666666666666666	-1.4	-44.59704859478762	0.4029514052123844	0.4986000896972422
0.4666666666666666	-1.266666666666667	-44.52823271433865	0.4717672856613504	0.1524158844822509
0.4666666666666666	-1.133333333333333	-44.10096823282839	0.899031767171607	1.081073456679503
0.4666666666666666	-1	-45.78251313759082	0.7825131375908185	0.4611761389297107
0.4666666666666666	-0.8666666666666667	-45.91496581884505	0.9149658188450545	0.2231320341964498
0.4666666666666666	-0.7333333333333334	-46.52796629519256	1.527966295192563	0.1981981280752371
0.4666666666666666	-0.6000000000000001	-47.6246606602601	2.624660660260098	0.5834797255253963
0.4666666666666666	-0.4666666666666668	-47.88602112182993	2.886021121829927	0.2121297656827109
0.4666666666666666	-0.3333333333333335	-48.94607032148166	3.946070321481656	0.5848117029971803
0.4666666666666666	-0.2	-48.07053946882978	3.070539468829779	0.6718453800593379
0.4666666666666666	-0.06666666666666665	-48.36830716892166	3.36830716892166	0.9130202772015791
0.4666666666666666	0.06666666666666665	-49.07407494286359	4.074074942863589	0.8951068872404998
0.4666666666666666	0.2	-45.54583893024053	0.545838930240528	0.8871868282419477
0.4666666666666666	0.3333333333333333	-48.96818777102322	3.968187771023217	1.185355039059356
0.4666666666666666	0.4666666666666666	-42.29238736297488	2.707612637025122	1.699571849214162
0.4666666666666666	0.5999999999999999	-44.03945808395203	0.9605419160479656	0.7308701882279234
0.4666666666666666	0.7333333333333332	-43.12504188188434	1.874958118115657	0.5478501429140641
0.4666666666666666	0.8666666666666665	-41.66963924584077	3.33036075415923	0.2592030357345262
0.4666666666666666	0.9999999999999998	-41.76353871012215	3.236461289877852	0.9751307369543224
0.4666666666666666	1.133333333333333	-40.35943516764987	4.64056483235013	0.5697552220333484
0.4666666666666666	1.266666666666666	-40.31196790359376	4.688032096406239	0.3018400908828902
0.4666666666666666	1.4	-41.05171413800074	3.94828586199926	1.681264343440661
0.4666666666666666	1.533333333333333	-40.11744660003013	4.882553399969872	1.675028811226719
0.4666666666666666	1.666666666666667	-39.93810642978406	5.061893570215936	4.828892260370086
0.4666666666666666	1.8	-38.27771589547206	6.722284104527944	8.510534647548765
0.5999999999999999	-1.8	-44.08178860316045	0.9182113968395456	0.1986153609145203
0.5999999999999999	-1.666666666666667	-44.52731207785989	0.4726879221401106	0.4228053675560924
0.5999999999999999	-1.533333333333333	-45.11350743099631	0.1135074309963073	0.4625915028955064
0.5999999999999999	-1.4	-43.93649590643367	1.06350409356633	1.242611848069017
0.5999999999999999	-1.266666666666667	-42.94617723456252	2.053822765437481	0.3633269643471684
0.5999999999999999	-1.133333333333333	-43.36404012946767	1.635959870532325	0.1170629503911298
0.5999999999999999	-1	-44.07978094395395	0.9202190560460508	0.4187155337107603
0.5999999999999999	-0.8666666666666667	-45.67606141684477	0.6760614168447745	0.5341417560118512
0.5999999999999999	-0.7333333333333334	-45.1135309483137	0.113530948313695	0.5414538787263091
0.5999999999999999	-0.6000000000000001	-47.00910478410208	2.009104784102078	0.4987350626142205
0.5999999999999999	-0.4666666666666668	-46.85488358961102	1.854883589611021	0.5913440058559626
0.5999999999999999	-0.3333333333333335	-48.75332983158423	3.753329831584232	0.3131500571572934
0.5999999999999999	-0.2	-47.99350903723482	2.993509037234823	1.325911699144765
0.5999999999999999	-0.06666666666666665	-49.58565587910238	4.585655879102376	0.367751553740237
0.5999999999999999	0.06666666666666665	-49.08268302678376	4.082683026783762	0.7325266781765021
0.5999999999999999	0.2	-48.19593097761332	3.195930977613315	0.693421798259607
0.5999999999999999	0.3333333333333333	-46.06910453162517	1.069104531625172	0.9695835225915918
0.5999999999999999	0.4666666666666666	-48.15342839783111	3.153428397831114	0.579755362614497
0.5999999999999999	0.5999999999999999	-42.40568015691387	2.594319843086126	1.789457170544219
0.5999999999999999	0.7333333333333332	-44.60755404307027	0.3924459569297341	0.6673660360917065
0.5999999999999999	0.8666666666666665	-41.33719909034833	3.662800909651672	1.160893815053797
0.5999999999999999	0.9999999999999998	-41.11200054143229	3.887999458567712	1.32655459717381
0.5999999999999999	1.133333333333333	-37.76766511896675	7.232334881033253	1.366323417666477
0.5999999999999999	1.266666666666666	-39.64470712252489	5.355292877475108	1.176530801889527
0.5999999999999999	1.4	-41.4881341760053	3.511865823994697	0.9142317243105413
0.5999999999999999	1.533333333333333	-42.22598222885328	2.774017771146717	0.8319961693667389
0.5999999999999999	1.666666666666667	-41.56169910137962	3.438300898620376	1.080098682187608
0.5999999999999999	1.8	-31.15215241894865	13.84784758105135	1.601892022353497
0.7333333333333332	-1.8	-42.63341479691663	2.366585203083375	0.1608433000339272
0.7333333333333332	-1.666666666666667	-43.22174965476775	1.778250345232252	0.2633779955643251
0.7333333333333332	-1.533333333333333	-44.60741288357857	0.3925871164214314	0.9337904952299942
0.7333333333333332	-1.4	-45.11628937496151	0.1162893749615108	0.780830071157442
0.7333333333333332	-1.266666666666667	-43.79160796060776	1.208392039392244	0.8714584211609978
0.7333333333333332	-1.133333333333333	-42.37576650082701	2.624233499172988	0.3199048712065525
0.7333333333333332	-1	-44.40622928582228	0.5937707141777224	0.7000039839220993
0.7333333333333332	-0.8666666666666667	-44.48238916298912	0.5176108370108778	0.8416788460742771
0.7333333333333332	-0.7333333333333334	-44.59754983117715	0.4024501688228526	0.8531359485011812
0.7333333333333332	-0.6000000000000001	-45.77068633482121	0.7706863348212067	0.8276561370153473
0.7333333333333332	-0.4666666666666668	-47.4698564121952	2.469856412195199	0.2970285237147639
0.7333333333333332	-0.3333333333333335	-47.95519525370329	2.955195253703288	0.5170006636348947
0.7333333333333332	-0.2	-50.08420218595258	5.084202185952577	0.291321662887095
0.7333333333333332	-0.06666666666666665	-48.69244400173478	3.692444001734785	0.4441955571813624
0.7333333333333332	0.06666666666666665	-49.87686938342524	4.876869383425245	1.038233346870934
0.7333333333333332	0.2	-50.18613678844954	5.186136788449538	0.6461172753914297
0.7333333333333332	0.3333333333333333	-47.7495068098326	2.749506809832596	0.7578737016208003
0.7333333333333332	0.4666666666666666	-46.61032393618073	1.610323936180727	0.8513430226125294
0.7333333333333332	0.5999999999999999	-47.1794553530715	2.179455353071504	1.367476660723856
0.7333333333333332	0.7333333333333332	-43.10084467867146	1.899155321328536	0.232251415155951
0.7333333333333332	0.8666666666666665	-44.25596238128959	0.7440376187104079	0.5783146881979133
0.7333333333333332	0.9999999999999998	-42.66221565747113	2.33778434252887	1.380581654408504
0.7333333333333332	1.133333333333333	-41.80491601549188	3.195083984508116	0.1352540080898346
0.7333333333333332	1.266666666666666	-38.58186597828708	6.418134021712923	1.913093143753216
0.7333333333333332	1.4	-38.79430384935785	6.205696150642154	1.721697656063053
0.7333333333333332	1.533333333333333	-38.97586380210523	6.024136197894769	1.131815338884994
0.7333333333333332	1.666666666666667	-44.65729394647293	0.342706053527067	7.576659021780284
0.7333333333333332	1.8	-54.14874224819655	9.148742248196548	6.116485303257789
0.8666666666666665	-1.8	-42.59670955090895	2.403290449091045	0.4970912052816608
0.8666666666666665	-1.666666666666667	-42.7811902107999	2.218809789200101	0.2203318970115441
0.8666666666666665	-1.533333333333333	-43.46847294520054	1.531527054799461	0.1140912769885063
0.8666666666666665	-1.4	-43.85130963583808	1.148690364161915	0.2912228675209477
0.8666666666666665	-1.266666666666667	-44.88117871159213	0.1188212884078652	0.3622059354462308
0.8666666666666665	-1.133333333333333	-44.11480860856121	0.885191391438795	0.4139978470003227
0.8666666666666665	-1	-42.88676558444367	2.113234415556327	1.4016852367546
0.8666666666666665	-0.8666666666666667	-43.78390794177696	1.21609205822304	0.3279705678909051
0.8666666666666665	-0.7333333333333334	-43.19853103558082	1.801468964419179	0.8105410736333378
0.8666666666666665	-0.6000000000000001	-43.69590069356819	1.304099306431809	1.372320439729529
0.8666666666666665	-0.4666666666666668	-44.69511379150816	0.304886208491844	0.4606790403569926
0.8666666666666665	-0.3333333333333335	-46.35792455865415	1.357924558654148	1.350511209724502
0.8666666666666665	-0.2	-48.62163708580842	3.621637085808416	1.11130082455244
0.8666666666666665	-0.06666666666666665	-49.37160412699296	4.371604126992963	1.228504066634821
0.8666666666666665	0.06666666666666665	-49.51734456638987	4.517344566389866	0.9933031147087876
0.8666666666666665	0.2	-49.65913364960833	4.659133649608329	0.4523287245788384
0.8666666666666665	0.3333333333333333	-49.70509463526726	4.705094635267258	0.3974371888689878
0.8666666666666665	0.4666666666666666	-49.19969477428314	4.199694774283138	0.4813852636677852
0.8666666666666665	0.5999999999999999	-46.65277715597339	1.652777155973389	0.6309534325968357
0.8666666666666665	0.7333333333333332	-47.07444367246346	2.07444367246346	0.319590415103309
0.8666666666666665	0.8666666666666665	-42.18191276982209	2.818087230177909	1.116024431132832
0.8666666666666665	0.9999999999999998	-41.98476807216448	3.015231927835515	1.683372736998993
0.8666666666666665	1.133333333333333	-42.50738270625576	2.492617293744239	0.8117072194611389
0.8666666666666665	1.266666666666666	-38.55655217819999	6.443447821800007	1.681607593316069
0.8666666666666665	1.4	-36.80917175509279	8.190828244907209	2.368257037179844
0.8666666666666665	1.533333333333333	-36.99885421266391	8.001145787336085	1.066870008906143
0.8666666666666665	1.666666666666667	-40.23823192582311	4.761768074176892	1.542225040948874
0.8666666666666665	1.8	-25.31088841445882	19.68911158554118	2.737662412301573
0.9999999999999998	-1.8	-41.83217724424541	3.167822755754585	0.9995544448605447
0.9999999999999998	-1.666666666666667	-42.63145155518335	2.368548444816653	0.4270247147452335
0.9999999999999998	-1.533333333333333	-42.31118677174238	2.688813228257615	0.2617195172974861
0.9999999999999998	-1.4	-43.06671054913891	1.933289450861089	0.3513582898357839
0.9999999999999998	-1.266666666666667	-43.75383106852799	1.246168931472013	0.3834930469978012
0.9999999999999998	-1.133333333333333	-43.4943741775961	1.5056258224039	0.5902975593502411
0.9999999999999998	-1	-42.31822839696524	2.681771603034761	0.3618262616873231
0.9999999999999998	-0.8666666666666667	-42.48875157611875	2.511248423881248	0.2032596487023476
0.9999999999999998	-0.7333333333333334	-42.22546034203643	2.774539657963565	0.9862058376372973
0.9999999999999998	-0.6000000000000001	-43.53258451887557	1.467415481124434	0.319000690170998
0.9999999999999998	-0.4666666666666668	-44.83363428747273	0.1663657125272735	0.2430485934275964
0.9999999999999998	-0.3333333333333335	-45.52346966998608	0.5234696699860848	0.4216536915635969
0.9999999999999998	-0.2	-47.58681804011017	2.586818040110174	0.795680290351794
0.9999999999999998	-0.06666666666666665	-49.05580127144371	4.055801271443713	0.5922224951667832
0.9999999999999998	0.06666666666666665	-49.20570686982029	4.20570686982029	0.4513222424055042
0.9999999999999998	0.2	-50.82787914556576	5.82787914556576	0.6010349808116164
0.9999999999999998	0.3333333333333333	-50.90194286440082	5.901942864400823	0.3551054142830071
0.9999999999999998	0.4666666666666666	-49.68122608220377	4.681226082203771	0.6911930559838791
0.9999999999999998	0.5999999999999999	-48.01957182408434	3.019571824084338	1.439792902919563
0.9999999999999998	0.7333333333333332	-47.24873498101807	2.248734981018075	0.7975678887902741
0.9999999999999998	0.8666666666666665	-48.49978392735967	3.499783927359672	0.6866906641503844
0.9999999999999998	0.9999999999999998	-39.34331745833513	5.656682541664871	3.375757751562777
0.9999999999999998	1.133333333333333	-43.15026722710913	1.849732772890874	0.4071841883206637
0.9999999999999998	1.266666666666666	-40.61788290928132	4.38211709071868	0.2733178709900487
0.9999999999999998	1.4	-36.547617412273	8.452382587727001	1.626266935790025
0.9999999999999998	1.533333333333333	-39.29044462940295	5.709555370597052	1.325715616817116
0.9999999999999998	1.666666666666667	-37.59384321369705	7.406156786302951	1.827970500672406
0.9999999999999998	1.8	-29.91218927999326	15.08781072000674	1.689055732344853
1.133333333333333	-1.8	-41.60255630652647	3.397443693473534	1.336040917311326
1.133333333333333	-1.666666666666667	-42.46936402912158	2.530635970878421	1.044209828060274
1.133333333333333	-1.533333333333333	-43.1456549496307	1.854345050369297	0.3255946394790016
1.133333333333333	-1.4	-42.54316805834777	2.456831941652233	0.3206116565325093
1.133333333333333	-1.266666666666667	-43.85123685091434	1.14876314908566	0.8076363978352221
1.133333333333333	-1.133333333333333	-43.65973130171336	1.340268698286636	0.8022906481022244
1.133333333333333	-1	-42.62111663366866	2.378883366331337	0.8777085714384347
1.133333333333333	-0.8666666666666667	-43.55050563699602	1.449494363003978	1.15474676685503
1.133333333333333	-0.7333333333333334	-43.15037251834086	1.849627481659141	1.042614939638435
1.133333333333333	-0.6000000000000001	-42.02520187368521	2.974798126314795	0.8126339997868943
1.133333333333333	-0.4666666666666668	-43.76610356552723	1.233896434472769	0.6483255724892572
1.133333333333333	-0.3333333333333335	-42.98436726325106	2.015632736748941	1.800594184780288
1.133333333333333	-0.2	-44.85700028025855	0.1429997197414536	0.5681961320982217
1.133333333333333	-0.06666666666666665	-46.79142601971415	1.791426019714152	0.5648669729690213
1.133333333333333	0.06666666666666665	-46.86774460806022	1.867744608060221	2.176645339299186
1.133333333333333	0.2	-50.69486050155108	5.694860501551076	0.552434146224223
1.133333333333333	0.3333333333333333	-48.11410416727061	3.114104167270611	2.142648003308566
1.133333333333333	0.4666666666666666	-50.72967785811643	5.729677858116432	0.784630628153705
1.133333333333333	0.5999999999999999	-50.70696200539029	5.706962005390288	1.684558642506464
1.133333333333333	0.7333333333333332	-47.77505089091202	2.77505089091202	0.9732494646977186
1.133333333333333	0.8666666666666665	-47.93382626174339	2.933826261743391	0.4244493987952992
1.133333333333333	0.9999999999999998	-47.89404770944986	2.894047709449858	1.549236025973152
1.133333333333333	1.133333333333333	-39.51214012783011	5.487859872169885	3.441744728861527
1.133333333333333	1.266666666666666	-40.97364115032	4.026358849680001	1.762350883348554
1.133333333333333	1.4	-38.4453465032409	6.554653496759101	0.5891448788183695
1.133333333333333	1.533333333333333	-24.72802459962132	20.27197540037868	21.86005106290559
1.133333333333333	1.666666666666667	-35.01724280812581	9.982757191874192	0.9847584001840647
1.133333333333333	1.8	-53.09567270779218	8.095672707792176	3.01075006072543
1.266666666666666	-1.8	-38.83444471707628	6.165555282923719	1.790925174959802
1.266666666666666	-1.666666666666667	-41.0346258334008	3.965374166599204	0.7112995017810908
1.266666666666666	-1.533333333333333	-42.68474558496696	2.315254415033039	0.6620560169553948
1.266666666666666	-1.4	-42.08258747030025	2.917412529699746	0.9444648183299165
1.266666666666666	-1.266666666666667	-41.83182250186824	3.168177498131762	0.8876204097076831
1.266666666666666	-1.133333333333333	-43.41336463467514	1.586635365324859	0.5914697364253312
1.266666666666666	-1	-42.54606296257713	2.453937037422868	0.2095673469408533
1.266666666666666	-0.8666666666666667	-42.15412418104016	2.84587581895984	0.2701635582360765
1.266666666666666	-0.7333333333333334	-41.39378587082013	3.606214129179868	0.8541769795506771
1.266666666666666	-0.6000000000000001	-42.01442158353397	2.985578416466034	1.508997226122813
1.266666666666666	-0.4666666666666668	-41.53590615847163	3.464093841528367	0.7938183570161356
1.266666666666666	-0.3333333333333335	-43.22062754219447	1.779372457805529	0.4755984851883599
1.266666666666666	-0.2	-41.37691943702288	3.623080562977123	1.099848530850999
1.266666666666666	-0.06666666666666665	-44.50285534964881	0.4971446503511885	0.7329024269895146
1.266666666666666	0.06666666666666665	-44.6657823063772	0.3342176936228043	1.479240592379254
1.266666666666666	0.2	-44.42996854393964	0.5700314560603559	1.186965297890918
1.266666666666666	0.3333333333333333	-51.12499127555333	6.124991275553334	1.142488144846981
1.266666666666666	0.4666666666666666	-49.22256003165232	4.222560031652321	1.987037229257545
1.266666666666666	0.5999999999999999	-52.88855116500109	7.88855116500109	1.052205410957674
1.266666666666666	0.7333333333333332	-51.63702589274529	6.637025892745285	1.01950742211069
1.266666666666666	0.8666666666666665	-51.27405898333637	6.274058983336374	0.3211880733007628
1.266666666666666	0.9999999999999998	-49.13013667459851	4.130136674598511	0.630608429818926
1.266666666666666	1.133333333333333	-48.19661620382625	3.196616203826252	0.9771635642705306
1.266666666666666	1.266666666666666	-30.66587009984947	14.33412990015053	10.97688099700442
1.266666666666666	1.4	-38.88791811707101	6.11208188292899	4.000973040603381
1.266666666666666	1.533333333333333	-34.85672601353834	10.14327398646166	1.826393119905445
1.266666666666666	1.666666666666667	-18.64524266991815	26.35475733008185	15.38414422310334
1.266666666666666	1.8	-29.02068699173698	15.97931300826302	0.4200354847525163
1.4	-1.8	-35.2781695318175	9.721830468182503	1.043642480747466
1.4	-1.666666666666667	-40.38303604273785	4.616963957262151	1.335542867267995
1.4	-1.533333333333333	-42.69095842697293	2.309041573027073	0.7867445212147393
1.4	-1.4	-42.77916341375762	2.220836586242378	1.680835562246249
1.4	-1.266666666666667	-40.10791372069129	4.892086279308714	0.2905904398998376
1.4	-1.133333333333333	-43.57536256163804	1.424637438361962	1.777077561683345
1.4	-1	-44.23300559096011	0.7669944090398886	1.544668509094433
1.4	-0.8666666666666667	-41.77112277858347	3.228877221416532	1.060719365508106
1.4	-0.7333333333333334	-41.3847377925855	3.615262207414496	1.036141661726695
1.4	-0.6000000000000001	-41.90739831638344	3.092601683616557	0.9439316028855409
1.4	-0.4666666666666668	-40.61245862221965	4.387541377780352	0.7517344220638666
1.4	-0.3333333333333335	-41.06705890412729	3.932941095872714	0.1598267378743866
1.4	-0.2	-40.70302238666562	4.296977613334377	0.2635515535397365
1.4	-0.06666666666666665	-43.14985102943157	1.850148970568434	1.328366583522919
1.4	0.06666666666666665	-43.86067235812679	1.139327641873209	0.6423222526103552
1.4	0.2	-43.48912414445344	1.510875855546558	1.450763402413709
1.4	0.3333333333333333	-46.60276552657015	1.602765526570145	1.194357626459732
1.4	0.4666666666666666	-50.66040254214475	5.660402542144752	1.104460276028266
1.4	0.5999999999999999	-47.47492598751092	2.474925987510922	3.810242456569293
1.4	0.7333333333333332	-52.51855433183897	7.51855433183897	2.599609373424137
1.4	0.8666666666666665	-50.70748018473781	5.707480184737811	1.81789031644853
1.4	0.9999999999999998	-52.0992363710594	7.099236371059398	1.586950447898435
1.4	1.133333333333333	-50.19294879814611	5.192948798146112	0.6805751108204551
1.4	1.266666666666666	-47.16423209436731	2.164232094367307	1.579687409928991
1.4	1.4	-23.12040716427654	21.87959283572346	22.16780754482153
1.4	1.533333333333333	-34.92847668320285	10.07152331679715	1.800116428237724
1.4	1.666666666666667	-29.9375025513267	15.0624974486733	0.3550069272560584
1.4	1.8	-20.80284335576154	24.19715664423846	2.527464288792516
1.533333333333333	-1.8	-32.66890787993837	12.33109212006163	1.66571391144064
1.533333333333333	-1.666666666666667	-35.7236149329007	9.276385067099298	0.7695038591050768
1.533333333333333	-1.533333333333333	-37.97739082802617	7.022609171973826	1.206856121494203
1.533333333333333	-1.4	-43.86344522778802	1.13655477221198	1.054525965016717
1.533333333333333	-1.266666666666667	-40.49460436482845	4.505395635171553	0.7611446779172505
1.533333333333333	-1.133333333333333	-40.70000559631332	4.299994403686675	1.457897521137256
1.533333333333333	-1	-46.07724758102781	1.077247581027805	2.558814546407375
1.533333333333333	-0.8666666666666667	-40.57547449887259	4.424525501127405	1.012173189931909
1.533333333333333	-0.7333333333333334	-40.74470283935698	4.255297160643018	0.5512603563028204
1.533333333333333	-0.6000000000000001	-40.96928509170571	4.030714908294286	1.727278590641705
1.533333333333333	-0.4666666666666668	-41.07633180777079	3.923668192229208	1.553068561681858
1.533333333333333	-0.3333333333333335	-40.16541333944171	4.834586660558287	0.6086158743221078
1.533333333333333	-0.2	-41.9704510434785	3.029548956521502	1.868426370480859
1.533333333333333	-0.06666666666666665	-40.40394938823588	4.59605061176412	0.2802716564821556
1.533333333333333	0.06666666666666665	-42.95051945996511	2.049480540034892	1.481833599617966
1.533333333333333	0.2	-39.99512535992052	5.004874640079478	0.9248845737988908
1.533333333333333	0.3333333333333333	-41.20669255253376	3.79330744746624	2.410525838325779
1.533333333333333	0.4666666666666666	-45.27834121145492	0.2783412114549222	1.076248734428607
1.533333333333333	0.5999999999999999	-49.7353621565857	4.735362156585701	3.714410008744787
1.533333333333333	0.7333333333333332	-49.84390388605345	4.843903886053447	0.3902904789240135
1.533333333333333	0.8666666666666665	-56.5572798019162	11.5572798019162	0.4180637099196473
1.533333333333333	0.9999999999999998	-57.20279026999556	12.20279026999556	0.7923153799998
1.533333333333333	1.133333333333333	-47.25581987235255	2.255819872352554	17.35055282953905
1.533333333333333	1.266666666666666	-51.5282082169163	6.528208216916298	0.4399858870829639
1.533333333333333	1.4	-48.23556700356987	3.235567003569869	0.5422863962342594
1.533333333333333	1.533333333333333	-30.54316137909915	14.45683862090085	2.16939452933967
1.533333333333333	1.666666666666667	-12.31291232455713	32.68708767544287	23.32018162847259
1.533333333333333	1.8	-27.3555147019329	17.6444852980671	1.391098064097087
1.666666666666667	-1.8	-24.17053507171271	20.82946492828729	2.08881246072273
1.666666666666667	-1.666666666666667	-30.52562539896998	14.47437460103002	1.387399972077875
1.666666666666667	-1.533333333333333	-33.95860000519455	11.04139999480545	1.400736934491976
1.666666666666667	-1.4	-41.31042467531002	3.689575324689976	1.559227659075977
1.666666666666667	-1.266666666666667	-41.30687706994419	3.693122930055814	0.908434139163568
1.666666666666667	-1.133333333333333	-36.3363773531966	8.663622646803404	1.198271761776266
1.666666666666667	-1	-46.71554439839823	1.715544398398229	0.7266429186188208
1.666666666666667	-0.8666666666666667	-42.22204051062435	2.777959489375647	0.3091851242107338
1.666666666666667	-0.7333333333333334	-38.23047906626469	6.769520933735308	0.1527663007055343
1.666666666666667	-0.6000000000000001	-42.96576499563128	2.034235004368725	3.459153755969714
1.666666666666667	-0.4666666666666668	-40.337142029353	4.662857970646996	0.8562033649434552
1.666666666666667	-0.3333333333333335	-37.32202384787842	7.67797615212158	0.6698761695640236
1.666666666666667	-0.2	-38.65899434666225	6.341005653337753	0.6708891346134198
1.666666666666667	-0.06666666666666665	-34.29873354286754	10.70126645713246	1.495056505722062
1.666666666666667	0.06666666666666665	-39.98893851658922	5.011061483410785	0.457434556715497
1.666666666666667	0.2	-42.00839906831476	2.991600931685241	0.588888706050493
1.666666666666667	0.3333333333333333	-36.15432778857353	8.845672211426475	3.09625301183356
1.666666666666667	0.4666666666666666	-43.76031831444304	1.23968168555696	0.7286135247157595
1.666666666666667	0.5999999999999999	-40.90360774343951	4.096392256560492	4.941892829618834
1.666666666666667	0.7333333333333332	-42.91617101404059	2.083828985959407	4.667261760839939
1.666666666666667	0.8666666666666665	-52.87918758741144	7.879187587411437	0.6268500294172568
1.666666666666667	0.9999999999999998	-46.88822199164952	1.888221991649523	5.250168260320693
1.666666666666667	1.133333333333333	-55.28887529988108	10.28887529988108	0.9544150114463646
1.666666666666667	1.266666666666666	-48.24919200426721	3.249192004267208	20.99787988860849
1.666666666666667	1.4	-56.36146644637059	11.36146644637059	0.501308030460838
1.666666666666667	1.533333333333333	-46.76089694051821	1.760896940518208	1.23685384153637
1.666666666666667	1.666666666666667	-19.5631487469762	25.4368512530238	0.1214188048213411
1.666666666666667	1.8	-3.615710223696803	41.3842897763032	1.378356291211456
1.8	-1.8	-11.66587501581691	33.33412498418308	1.058801948643579
1.8	-1.666666666666667	-18.80693991386385	26.19306008613615	1.6142812423677
1.8	-1.533333333333333	-25.96955744111654	19.03044255888346	0.7773265113497765
1.8	-1.4	-33.00599282045975	11.99400717954025	0.7778769313557401
1.8	-1.266666666666667	-44.20577412818081	0.7942258718191937	2.011229405791756
1.8	-1.133333333333333	-28.2858961996804	16.7141038003196	0.7904622882877229
1.8	-1	-46.10277151664712	1.102771516647117	1.858024230253992
1.8	-0.8666666666666667	-48.98015322366672	3.980153223666719	1.247974855262885
1.8	-0.7333333333333334	-31.65345300719217	13.34654699280783	0.4618776412118574
1.8	-0.6000000000000001	-36.63765284153212	8.362347158467877	1.260742861198322
1.8	-0.4666666666666668	-39.33642707328135	5.663572926718651	0.747141711898813
1.8	-0.3333333333333335	-29.48494772655005	15.51505227344995	0.2224795172061324
1.8	-0.2	-42.0457741464878	2.954225853512199	4.81626093308904
1.8	-0.06666666666666665	-31.74978563829897	13.25021436170103	0.8974446227874144
1.8	0.06666666666666665	-31.3325997605288	13.6674002394712	0.277012225420313
1.8	0.2	-42.0899862371428	2.910013762857204	0.3873903124739379
1.8	0.3333333333333333	-28.43981708515089	16.56018291484911	2.05511487600883
1.8	0.4666666666666666	-38.33187263469098	6.668127365309019	1.743272208045483
1.8	0.5999999999999999	-34.23194518776504	10.76805481223496	2.135456639567056
1.8	0.7333333333333332	-30.3079489857065	14.6920510142935	2.053465721825129
1.8	0.8666666666666665	-51.7332898550154	6.7332898550154	0.4322237930452586
1.8	0.9999999999999998	-27.62565009828624	17.37434990171376	4.420917053008514
1.8	1.133333333333333	-38.10159363249083	6.898406367509175	1.752889598734441
1.8	1.266666666666666	-59.89264125833088	14.89264125833088	13.07398632806938
1.8	1.4	-42.9796552037397	2.020344796260304	5.227560088162749
1.8	1.533333333333333	-22.76415503819737	22.23584496180263	20.83636353126431
1.8	1.666666666666667	-54.61887643751925	9.618876437519248	2.99790275588929
1.8	1.8	1.927054945306301	46.9270549453063	0.2247323970255466
