# Data file generated by gp_save.m
# x/m y/m phi/deg phi_error/deg phi_std/deg
-2	0.4	-69.2885551405179	8.099348883490968	0.4175082038485995
-2	0.2518518518518519	-54.65538371640099	3.377398451727977	0.8650610715377358
-2	0.1037037037037037	-50.34687909500481	4.732372941739918	0.3555802413767539
-2	-0.0444444444444444	-53.52944409733384	1.205561591509223	0.4814379791768243
-2	-0.1925925925925925	-57.96273960847765	8.203853938286173	0.8951160656564855
-2	-0.3407407407407407	-61.92077480558926	14.54632164575216	1.399178731200898
-2	-0.4888888888888888	-50.82391304207155	5.664315183224865	1.903139136234263
-2	-0.637037037037037	-48.08548998036648	4.982686934459494	1.372579117463921
-2	-0.7851851851851851	-41.71327737558148	0.5207785775563494	6.403973093652036
-2	-0.9333333333333332	-45.79246301302576	6.375068769556826	0.4814051934268238
-2	-1.081481481481481	-44.39258782281395	6.62589209716635	0.7784935664669735
-2	-1.229629629629629	-42.69348606369414	6.463247645691006	0.09248400826748056
-2	-1.377777777777778	-42.19103902702504	7.392484361683074	0.2768604851212979
-2	-1.525925925925926	-42.16223797106782	8.699340286471809	0.1618710621081558
-2	-1.674074074074074	-40.22952119792232	8.014286240581306	0.6202684127860998
-2	-1.822222222222222	-38.07914714594917	7.030925152440663	0.2619831304963628
-2	-1.97037037037037	-36.79426928474349	6.839105075512428	0.1508935047441073
-2	-2.118518518518518	-36.23035864709835	7.300386256768597	0.1555538215524424
-2	-2.266666666666667	-34.92938051241941	6.962265006300029	0.6131247635534276
-2	-2.414814814814815	-33.15745762773228	6.095884242579032	0.6466281638712627
-2	-2.562962962962963	-32.75962559000708	6.550834727087736	0.2756244286379475
-2	-2.711111111111111	-32.09112025955366	6.68648588469873	0.5191195874073101
-2	-2.859259259259259	-30.65405089429152	6.008699367231362	0.2398837827303389
-2	-3.007407407407408	-28.51455488322236	4.587021005055128	0.8066615471049832
-2	-3.155555555555555	-26.79464124609776	3.546558277572718	0.4316878738875862
-2	-3.303703703703703	-25.55242450684036	2.948244999580087	0.3662875680216068
-2	-3.451851851851852	-24.37715933016972	2.383903778118473	0.6823667277672582
-2	-3.6	-23.85295998371354	2.439990508841774	0.380004294046719
-1.851851851851852	0.4	-12.93117118685413	46.35851701336212	0.9971392740598716
-1.851851851851852	0.2518518518518519	-47.62642317095641	8.393606728897893	3.260078219572421
-1.851851851851852	0.1037037037037037	-48.65237919739589	4.331327360328842	1.557681797021119
-1.851851851851852	-0.0444444444444444	-55.68428129722743	5.512387601511747	1.019619725126522
-1.851851851851852	-0.1925925925925925	-62.68231229100284	15.10962417095697	0.8279816431100744
-1.851851851851852	-0.3407407407407407	-45.72153536346074	0.5491313315930313	1.225254196933711
-1.851851851851852	-0.4888888888888888	-45.47630692335249	2.519744656573266	1.365173310433903
-1.851851851851852	-0.637037037037037	-42.73813230765673	1.827529739524053	9.965743750545887
-1.851851851851852	-0.7851851851851851	-44.39950390544799	5.379137000033857	1.876382002059073
-1.851851851851852	-0.9333333333333332	-41.35998442028885	4.087579441139859	0.8563078358636519
-1.851851851851852	-1.081481481481481	-44.56221713044446	8.908068880563278	0.2908314439435063
-1.851851851851852	-1.229629629629629	-43.79975761709866	9.645766792492772	0.2311378053294542
-1.851851851851852	-1.377777777777778	-42.59014412402593	9.828837059299602	0.2787562401542027
-1.851851851851852	-1.525925925925926	-40.19712417533337	8.730695993391087	0.4528063960058057
-1.851851851851852	-1.674074074074074	-38.05947443557608	7.798880584625717	0.1913727284910479
-1.851851851851852	-1.822222222222222	-37.16112852544084	8.025238498425416	0.1892640426347924
-1.851851851851852	-1.97037037037037	-36.01522833368357	7.930047788619714	0.1916866602969355
-1.851851851851852	-2.118518518518518	-34.21289809616117	7.110860633712097	0.2169274794296361
-1.851851851851852	-2.266666666666667	-34.03203649037921	7.851363229349829	0.590197325717466
-1.851851851851852	-2.414814814814815	-31.54216036608328	6.226283617247194	0.1871532781964853
-1.851851851851852	-2.562962962962963	-29.86971298540863	5.366759345313824	0.5007553162502595
-1.851851851851852	-2.711111111111111	-27.88242491083639	4.144752686234913	0.3782059294552831
-1.851851851851852	-2.859259259259259	-26.74691254252116	3.730698367946175	0.1657545048188483
-1.851851851851852	-3.007407407407408	-25.97470094381378	3.639570629001796	0.4458783010109327
-1.851851851851852	-3.155555555555555	-24.91801111653825	3.226710061992854	1.124573494157496
-1.851851851851852	-3.303703703703703	-23.27255675595316	2.190655641138267	0.8302240317628382
-1.851851851851852	-3.451851851851852	-22.67129617143446	2.16692801020972	0.3300462407729488
-1.851851851851852	-3.6	-21.48309172608576	1.526716772556153	0.2260504774885914
-1.703703703703704	0.4	-27.52217455905243	29.62942867723121	0.3807946666841551
-1.703703703703704	0.2518518518518519	-54.57897311745732	0.8058023815970969	11.51383339794882
-1.703703703703704	0.1037037037037037	-47.12485119225467	3.538294841860157	3.110843880617179
-1.703703703703704	-0.0444444444444444	-52.21797686744785	4.410967645898474	0.7717502660466161
-1.703703703703704	-0.1925925925925925	-29.27796926232915	15.90947536723336	15.66174718327645
-1.703703703703704	-0.3407407407407407	-42.24169012187851	0.5442153122575917	3.039763723711407
-1.703703703703704	-0.4888888888888888	-36.82463318630039	3.759083370741045	16.82075733618291
-1.703703703703704	-0.637037037037037	-42.82893068287297	4.266131063303902	0.9137995985443976
-1.703703703703704	-0.7851851851851851	-43.60119729579905	6.895086515311959	0.8988742357013234
-1.703703703703704	-0.9333333333333332	-46.09129169317949	11.0934190146092	0.9219848787297013
-1.703703703703704	-1.081481481481481	-44.91339931096269	11.48973335681194	0.1795286804440751
-1.703703703703704	-1.229629629629629	-43.46810968958825	11.49767997857969	0.227049484149118
-1.703703703703704	-1.377777777777778	-41.67480454302923	11.04839818000096	0.2936321271578518
-1.703703703703704	-1.525925925925926	-39.33047386271604	9.949418528472332	0.1061776796256832
-1.703703703703704	-1.674074074074074	-37.40479946747833	9.179847557441242	0.1107794492286967
-1.703703703703704	-1.822222222222222	-35.51233451475791	8.362652816974748	0.1542815882534446
-1.703703703703704	-1.97037037037037	-34.39534691619029	8.247609804141451	0.9654508116749649
-1.703703703703704	-2.118518518518518	-31.22904973579189	6.016630160744981	0.6857603903993742
-1.703703703703704	-2.266666666666667	-28.97639767077728	4.638648336143788	0.2550202824745051
-1.703703703703704	-2.414814814814815	-26.25584059321395	2.737456931986991	0.3135687851771525
-1.703703703703704	-2.562962962962963	-25.45047555029834	2.700932067677797	0.268055463514883
-1.703703703703704	-2.711111111111111	-25.89806352836002	3.871115423841122	0.9633804720061214
-1.703703703703704	-2.859259259259259	-24.17043948067317	2.823682037532169	0.183191495031363
-1.703703703703704	-3.007407407407408	-22.8482425011472	2.142721405684966	0.2093402708968787
-1.703703703703704	-3.155555555555555	-21.3997477990775	1.299614252553752	0.2988092052688806
-1.703703703703704	-3.303703703703703	-20.0915633406638	0.563768509310659	0.3612064568583702
-1.703703703703704	-3.451851851851852	-19.54234729008741	0.556371278370797	0.1435055920517039
-1.703703703703704	-3.6	-19.2742758251205	0.8018869425003992	0.1988699438134034
-1.555555555555556	0.4	18.90683312941346	73.64106547006782	0.6919654913337552
-1.555555555555556	0.2518518518518519	37.67509088969858	88.93219716671069	10.3009393552354
-1.555555555555556	0.1037037037037037	-12.33382406316586	35.75442208238017	0.4364129125707552
-1.555555555555556	-0.0444444444444444	-37.08429266318839	8.121067674306488	5.915283946042451
-1.555555555555556	-0.1925925925925925	-25.22624284910866	17.35792203596539	2.324306766431671
-1.555555555555556	-0.3407407407407407	13.56382583076341	53.76398971685872	21.03640046611118
-1.555555555555556	-0.4888888888888888	-40.82399052144192	2.794213554714176	5.731358844516363
-1.555555555555556	-0.637037037037037	-47.0254469712858	10.97446350015353	0.3889868653765866
-1.555555555555556	-0.7851851851851851	-47.5624245401826	13.31879182832042	0.2354409677699409
-1.555555555555556	-0.9333333333333332	-46.77392474491565	14.18438784320004	0.3822549618703501
-1.555555555555556	-1.081481481481481	-45.36586965289864	14.29343843226082	0.3268844160730015
-1.555555555555556	-1.229629629629629	-42.67872881606807	13.00086989477103	0.8371268571334738
-1.555555555555556	-1.377777777777778	-39.50875385820157	11.11573443681856	0.2178817309581412
-1.555555555555556	-1.525925925925926	-37.05901083868532	9.852407639113231	0.7393924414237317
-1.555555555555556	-1.674074074074074	-34.49642450927978	8.38779678493761	0.1723778610872472
-1.555555555555556	-1.822222222222222	-31.80305939735931	6.71277703778571	0.2898563472315937
-1.555555555555556	-1.97037037037037	-29.01458874970355	4.870802551225189	0.6962877557690245
-1.555555555555556	-2.118518518518518	-26.98925349756968	3.726993172418972	0.1927499643346139
-1.555555555555556	-2.266666666666667	-24.86548812649957	2.425873568012264	0.4483352725525629
-1.555555555555556	-2.414814814814815	-22.15425996353398	0.4838120308575817	0.2980365468803617
-1.555555555555556	-2.562962962962963	-21.38142701881754	0.4314652491268269	0.9947903221132853
-1.555555555555556	-2.711111111111111	-21.09923892962293	0.825354885484046	1.035398130443315
-1.555555555555556	-2.859259259259259	-20.65625213449766	1.01784840643942	0.4129399208845213
-1.555555555555556	-3.007407407407408	-19.73997518735682	0.6998613184538307	0.4222615406532944
-1.555555555555556	-3.155555555555555	-18.83594867008113	0.3599864114203832	0.1981041836599819
-1.555555555555556	-3.303703703703703	-18.95259149713766	1.009382825158934	0.2790482193985184
-1.555555555555556	-3.451851851851852	-18.13996363666904	0.7005758640551996	0.2749318570410084
-1.555555555555556	-3.6	-17.80174113079996	0.8394642279275004	0.153435527866183
-1.407407407407407	0.4	23.58096423068172	75.57052981652194	1.04802510189031
-1.407407407407407	0.2518518518518519	21.04757522891004	69.47961311298434	3.145807429773341
-1.407407407407407	0.1037037037037037	18.56738695967362	63.79444962637238	1.098981855954362
-1.407407407407407	-0.0444444444444444	12.14887627892279	54.49088023954373	0.7947285271161566
-1.407407407407407	-0.1925925925925925	-29.14445962476793	10.59939695074255	1.832247275504531
-1.407407407407407	-0.3407407407407407	-41.79727865182964	4.396201337726815	1.602087467483525
-1.407407407407407	-0.4888888888888888	-48.65323720018476	13.36867571312676	0.2984552058768098
-1.407407407407407	-0.637037037037037	-50.95981917175955	17.59176387685039	0.5823491964249263
-1.407407407407407	-0.7851851851851851	-51.10269167101792	19.47446949817451	0.1376894466246305
-1.407407407407407	-0.9333333333333332	-48.7180977017067	18.67358440111881	0.6845244771916928
-1.407407407407407	-1.081481481481481	-44.40090045906071	15.80196100597194	0.5232581775413548
-1.407407407407407	-1.229629629629629	-39.60631279879958	12.33050901539628	1.200905107076088
-1.407407407407407	-1.377777777777778	-34.82321098167952	8.761780883539849	0.7295372938463421
-1.407407407407407	-1.525925925925926	-30.14758071242087	5.203675448996286	0.4124064587661231
-1.407407407407407	-1.674074074074074	-27.39647530823684	3.483630666096523	0.539911810058367
-1.407407407407407	-1.822222222222222	-25.85026526534193	2.891081521876426	0.3739012147052898
-1.407407407407407	-1.97037037037037	-25.87682946195167	3.801833392417166	0.2901464749779183
-1.407407407407407	-2.118518518518518	-22.07143173941778	0.8180962520678783	0.1143010419744408
-1.407407407407407	-2.266666666666667	-20.20021253147914	0.2878881776243816	0.3071362658045705
-1.407407407407407	-2.414814814814815	-20.1994628584303	0.4255436185497921	0.5213900247031545
-1.407407407407407	-2.562962962962963	-19.71801899359481	0.6119707834112766	0.5251472556209863
-1.407407407407407	-2.711111111111111	-19.2378814343163	0.7575917243832535	0.4168531714644216
-1.407407407407407	-2.859259259259259	-18.84441848983424	0.9514999915587836	0.1453994756386926
-1.407407407407407	-3.007407407407408	-17.93785864656202	0.5972384128993795	0.6440309077456057
-1.407407407407407	-3.155555555555555	-17.41267028361116	0.5922316566360166	0.3029447126152368
-1.407407407407407	-3.303703703703703	-16.57084945027155	0.2411192948469818	0.1181295298093957
-1.407407407407407	-3.451851851851852	-16.19304585749108	0.3269206751542395	0.3667192592192382
-1.407407407407407	-3.6	-15.81069459823657	0.3832000908122009	0.1968694409533293
-1.259259259259259	0.4	-5.984333669177961	42.87749758623732	0.01675195036546233
-1.259259259259259	0.2518518518518519	-1.696831688045521	43.55706227570795	0.3042571601107252
-1.259259259259259	0.1037037037037037	-1.451560841022987	40.59437351660386	0.1294801472398489
-1.259259259259259	-0.0444444444444444	-9.184752026236097	30.00725135566716	0.04205458803125609
-1.259259259259259	-0.1925925925925925	-22.54083911957285	14.10776272547462	1.573201340821466
-1.259259259259259	-0.3407407407407407	-41.33977532901956	6.963563605204548	0.28452542376812
-1.259259259259259	-0.4888888888888888	-66.92150009165786	34.58167233601412	3.974239217599444
-1.259259259259259	-0.637037037037037	-61.43236264947383	30.92344141949314	1.14230689509805
-1.259259259259259	-0.7851851851851851	-51.57058994729596	22.71347499963433	0.5412417247350393
-1.259259259259259	-0.9333333333333332	-42.27625696574893	14.91452017903504	0.5063342288532536
-1.259259259259259	-1.081481481481481	-33.39410486844641	7.390759023934958	0.3282693386098534
-1.259259259259259	-1.229629629629629	-29.82132295258458	5.056043115005991	1.440926702281089
-1.259259259259259	-1.377777777777778	-26.52021665318714	2.886970722461054	1.332555739367843
-1.259259259259259	-1.525925925925926	-24.31604412363846	1.72108172075853	1.09919268848541
-1.259259259259259	-1.674074074074074	-23.93653296410424	2.296682145883942	0.6014200353517221
-1.259259259259259	-1.822222222222222	-21.83299941486288	1.074224733125973	0.613409716587622
-1.259259259259259	-1.97037037037037	-21.12883972340729	1.185020607375741	0.2053340920107667
-1.259259259259259	-2.118518518518518	-20.10839206944216	0.9202862263107185	0.4433629625411879
-1.259259259259259	-2.266666666666667	-19.9569392117788	1.471301125012875	0.1764695918914615
-1.259259259259259	-2.414814814814815	-19.39237437463927	1.561203782922451	0.07720664414769002
-1.259259259259259	-2.562962962962963	-18.57748007483332	1.357379466337743	0.8640322286381938
-1.259259259259259	-2.711111111111111	-15.97313441101807	0.6752419126403613	0.2717594737281598
-1.259259259259259	-2.859259259259259	-15.11401093683129	0.9984088510282927	0.3906449647234552
-1.259259259259259	-3.007407407407408	-14.7461576987445	0.862904192421766	0.2425265118189595
-1.259259259259259	-3.155555555555555	-15.08987043719364	0.04561692055616895	0.1722945108219525
-1.259259259259259	-3.303703703703703	-14.85165015992738	0.162462074161013	0.2589030240387174
-1.259259259259259	-3.451851851851852	-12.53848211620548	1.729441335289129	0.1303424418650098
-1.259259259259259	-3.6	-13.67747719689933	0.1922092416057133	0.1728514120754354
-1.111111111111111	0.4	-30.69976450816192	14.58815155839516	9.048107330876746
-1.111111111111111	0.2518518518518519	-25.13828864475369	16.53743421411407	0.6294245285007243
-1.111111111111111	0.1037037037037037	-25.63725401712402	12.87397556317091	2.515463600390117
-1.111111111111111	-0.0444444444444444	-19.12656830908945	16.60559542808943	6.950448854389327
-1.111111111111111	-0.1925925925925925	-32.90014957349734	0.3829532525420092	3.793283330443013
-1.111111111111111	-0.3407407407407407	-48.57965714801346	17.46356359953694	0.9659959536836226
-1.111111111111111	-0.4888888888888888	-3.730413815576056	25.45989770266301	6.218508396315675
-1.111111111111111	-0.637037037037037	-35.74669564546365	8.275390664723005	2.910504771882678
-1.111111111111111	-0.7851851851851851	-34.95448760492648	9.024370182712225	1.854285634339899
-1.111111111111111	-0.9333333333333332	-28.96305852027952	4.420623638298061	1.117501524327465
-1.111111111111111	-1.081481481481481	-27.34902599718004	4.061205236304581	1.323800509557578
-1.111111111111111	-1.229629629629629	-25.85089099786338	3.701833440120758	1.625295594974276
-1.111111111111111	-1.377777777777778	-22.56845925848902	1.456865290755921	0.6319469305334718
-1.111111111111111	-1.525925925925926	-20.4491329741987	0.2860461917824111	1.830425747958398
-1.111111111111111	-1.674074074074074	-18.64346631194439	0.649557858359799	0.9290480930426579
-1.111111111111111	-1.822222222222222	-19.15174504572573	0.6593280580099545	0.2454468286701281
-1.111111111111111	-1.97037037037037	-19.31039298405232	1.556846891765201	0.1395608140520533
-1.111111111111111	-2.118518518518518	-17.92522732162616	0.8554719649399019	0.8853019341710691
-1.111111111111111	-2.266666666666667	-16.02405894102679	0.4112228646195852	1.198913947168202
-1.111111111111111	-2.414814814814815	-14.58487902759328	1.260236826557756	0.7319119150242556
-1.111111111111111	-2.562962962962963	-13.34619854974113	1.948687403475823	0.1286278171503724
-1.111111111111111	-2.711111111111111	-13.41583481039766	1.364928241280287	0.307064701414047
-1.111111111111111	-2.859259259259259	-13.37873279473731	0.9206483855867873	0.338390856753244
-1.111111111111111	-3.007407407407408	-12.67796747667562	1.169803712120999	0.1219855405638229
-1.111111111111111	-3.155555555555555	-13.2852554216409	0.1380498243090429	0.5279291781358009
-1.111111111111111	-3.303703703703703	-13.51262739451611	0.4889772164455835	0.3498963180972506
-1.111111111111111	-3.451851851851852	-13.2376799397373	0.5909518503110611	0.4585691449472355
-1.111111111111111	-3.6	-12.19770123948755	0.09298176560828608	0.2843130138185179
-0.962962962962963	0.4	-53.43114128680919	12.23156126446745	20.2562846124398
-0.962962962962963	0.2518518518518519	-30.45269741390321	7.197968444352679	19.34231563377055
-0.962962962962963	0.1037037037037037	-48.22419557659663	13.63190688908668	4.449761933827386
-0.962962962962963	-0.0444444444444444	NaN	NaN	NaN
-0.962962962962963	-0.1925925925925925	-38.7815839457551	9.144833267336924	2.701325275058573
-0.962962962962963	-0.3407407407407407	-66.74769074526394	39.13187785573308	1.932594312286795
-0.962962962962963	-0.4888888888888888	-60.49656184693479	34.66162725864562	0.2136636726402905
-0.962962962962963	-0.637037037037037	-40.33494479687422	16.07830391533297	0.1298538496517227
-0.962962962962963	-0.7851851851851851	-32.66684043502307	9.816582394783079	0.3020818832794854
-0.962962962962963	-0.9333333333333332	-25.53371363840893	3.943115530107754	1.216371283656499
-0.962962962962963	-1.081481481481481	-20.93354953248753	0.4766630519556401	0.6819879031360082
-0.962962962962963	-1.229629629629629	-16.31700973709737	3.114891684999151	1.506948573511119
-0.962962962962963	-1.377777777777778	-16.81691929956738	1.684369647525635	1.175455668026154
-0.962962962962963	-1.525925925925926	-16.19220072618356	1.460818097134677	0.6388424754782471
-0.962962962962963	-1.674074074074074	-15.69803037035028	1.178922128650067	0.2120674343552021
-0.962962962962963	-1.822222222222222	-15.08975326014291	1.074745892113999	0.5737988915074581
-0.962962962962963	-1.97037037037037	-13.33538919962141	2.172951738213374	0.5605444837620677
-0.962962962962963	-2.118518518518518	-11.72595370017685	3.176258877998398	0.4908761780953977
-0.962962962962963	-2.266666666666667	-11.30687955159521	3.033844166706094	0.1865086245467386
-0.962962962962963	-2.414814814814815	-10.88999519191859	2.929219846127818	0.09198986024377291
-0.962962962962963	-2.562962962962963	-11.51067183862582	1.822969277742136	0.5101178701144835
-0.962962962962963	-2.711111111111111	-11.95356864387878	0.9269059454018755	0.4615888644113468
-0.962962962962963	-2.859259259259259	-12.42968006099416	0.02694727482567316	0.4868795080667486
-0.962962962962963	-3.007407407407408	-12.15019701830076	0.09081167181820859	0.8826337830820652
-0.962962962962963	-3.155555555555555	-11.431717393923	0.2546372454648331	0.1584473408778775
-0.962962962962963	-3.303703703703703	-10.02647060918913	1.30894553083624	0.7821325373070162
-0.962962962962963	-3.451851851851852	-8.443737692009027	2.560950176466644	0.57397949502664
-0.962962962962963	-3.6	-8.823118643016107	1.869374468961677	0.4662827150600971
-0.8148148148148149	0.4	-36.13946737070764	0.3893879962775202	30.255177849056
-0.8148148148148149	0.2518518518518519	-62.39533215517515	29.25806685048883	17.75701910593072
-0.8148148148148149	0.1037037037037037	-26.4944085050168	3.771477170879503	8.406078583816237
-0.8148148148148149	-0.0444444444444444	-53.25929373040766	25.44415354337925	2.411173464392062
-0.8148148148148149	-0.1925925925925925	-51.52345459916785	25.81727052553668	3.660148304550653
-0.8148148148148149	-0.3407407407407407	-50.19312311776465	26.3162619957648	3.420529403158105
-0.8148148148148149	-0.4888888888888888	23.71977911399656	45.99787848689425	4.916629699088216
-0.8148148148148149	-0.637037037037037	-13.19036656045502	7.680606800281005	0.2357815237052401
-0.8148148148148149	-0.7851851851851851	-13.61975923423957	6.004646167786804	0.8838847963506358
-0.8148148148148149	-0.9333333333333332	-13.89265994218398	4.620740378282784	0.7588781933326608
-0.8148148148148149	-1.081481481481481	-12.63922984613073	4.878469849551506	0.5216657940539585
-0.8148148148148149	-1.229629629629629	-11.90751676427791	4.713240149614149	0.3433363397234236
-0.8148148148148149	-1.377777777777778	-11.14672795146907	4.662226480341475	0.1677284744037672
-0.8148148148148149	-1.525925925925926	-11.0335912953466	4.037411822423026	0.3302426992029497
-0.8148148148148149	-1.674074074074074	-11.7887918480047	2.608686671449062	0.1361621555654227
-0.8148148148148149	-1.822222222222222	-10.69245103939813	3.088009397789079	0.3677860342334886
-0.8148148148148149	-1.97037037037037	-11.03340771886655	2.179843102293903	0.5542606181500511
-0.8148148148148149	-2.118518518518518	-10.9936006353412	1.696550768137307	0.1625975628870117
-0.8148148148148149	-2.266666666666667	-10.47460954835192	1.731677633857986	0.06800649635872132
-0.8148148148148149	-2.414814814814815	-9.270627498003444	2.486837839708688	0.4070437647177368
-0.8148148148148149	-2.562962962962963	-8.517102298926643	2.822959416582725	0.1940534356719611
-0.8148148148148149	-2.711111111111111	-8.985230317069545	1.965698583913174	0.8943301468461227
-0.8148148148148149	-2.859259259259259	-7.08424625799177	3.503075060245367	0.1012570690884722
-0.8148148148148149	-3.007407407407408	-6.954100196662385	3.292733641809989	0.1487352201302025
-0.8148148148148149	-3.155555555555555	-7.677742868260374	2.249608307621477	0.8177415382057872
-0.8148148148148149	-3.303703703703703	-6.990997441491004	2.636008508075722	0.3632176034714742
-0.8148148148148149	-3.451851851851852	-6.829028119085441	2.515115628561365	0.5779014321465139
-0.8148148148148149	-3.6	-7.190113679766798	1.887180201025512	0.502677152955092
-0.6666666666666667	0.4	-71.84689995809779	40.62849719375144	3.76283352676846
-0.6666666666666667	0.2518518518518519	-24.30687268937054	3.800900326401969	23.39559389328512
-0.6666666666666667	0.1037037037037037	-48.29072539241697	22.76841587723072	2.955566900926395
-0.6666666666666667	-0.0444444444444444	-11.84327529166887	11.50439323642221	14.75318285538189
-0.6666666666666667	-0.1925925925925925	-40.81635391947632	19.3182084869645	2.854971700157547
-0.6666666666666667	-0.3407407407407407	-51.06873695026732	31.15971576546963	1.629289828060061
-0.6666666666666667	-0.4888888888888888	-7.625976549235443	10.9049450139328	0.2020498698597551
-0.6666666666666667	-0.637037037037037	-2.407638626644232	14.91811134772307	0.2664318905334668
-0.6666666666666667	-0.7851851851851851	-3.88237976338602	12.38139077635729	0.03356776316252585
-0.6666666666666667	-0.9333333333333332	-5.228187498549694	10.0933225763151	0.1836819026701305
-0.6666666666666667	-1.081481481481481	-6.085376974612746	8.394861288066545	0.07086688162450719
-0.6666666666666667	-1.229629629629629	-6.825153788215809	6.899702639435837	0.1082847591606213
-0.6666666666666667	-1.377777777777778	-7.508377949611853	5.534698751397566	0.8091171404690776
-0.6666666666666667	-1.525925925925926	-7.097748925964211	5.327060334819594	0.1224039413968185
-0.6666666666666667	-1.674074074074074	-7.737521923749263	4.124178155384621	0.09763626281438416
-0.6666666666666667	-1.822222222222222	-7.854504701820576	3.492273927578831	0.1019045070708263
-0.6666666666666667	-1.97037037037037	-7.814475312789273	3.059711432558067	0.09765920573604915
-0.6666666666666667	-2.118518518518518	-7.310071184353895	3.128896788540453	0.5633286921450456
-0.6666666666666667	-2.266666666666667	-5.747378016736152	4.289524437227343	0.09036504732683391
-0.6666666666666667	-2.414814814814815	-6.825691294876512	2.838685109092225	0.2281638821747471
-0.6666666666666667	-2.562962962962963	-7.392784920094305	1.925493188606625	0.5560419859225356
-0.6666666666666667	-2.711111111111111	-6.933826936337134	2.062087489028558	0.5136841155510433
-0.6666666666666667	-2.859259259259259	-6.77126080211676	1.923682464236944	0.4279185861481036
-0.6666666666666667	-3.007407407407408	-6.674881434950755	1.738437203033312	0.6733035209236866
-0.6666666666666667	-3.155555555555555	-6.923543471929586	1.225702142293569	0.6293830334498801
-0.6666666666666667	-3.303703703703703	-6.477253712311702	1.42388951475771	1.035302588733494
-0.6666666666666667	-3.451851851851852	-5.903856031641828	1.76375767552029	0.5297112131856857
-0.6666666666666667	-3.6	-6.07878638928481	1.368630460910349	0.8336376210079618
-0.5185185185185186	0.4	-50.37413202077346	25.13585760759956	9.94006875308397
-0.5185185185185186	0.2518518518518519	-58.07584815014947	35.51637080571112	3.163682870531693
-0.5185185185185186	0.1037037037037037	-31.17081249205845	10.79819318094789	3.496323287795448
-0.5185185185185186	-0.0444444444444444	-19.45891207066409	0.9003923835928376	11.41338852428283
-0.5185185185185186	-0.1925925925925925	-15.1103846614519	1.921837307949223	3.620549767426546
-0.5185185185185186	-0.3407407407407407	11.0082523853442	26.7402571704515	1.419148059661126
-0.5185185185185186	-0.4888888888888888	0.8628267039624469	15.47501359092265	0.5402011909451313
-0.5185185185185186	-0.637037037037037	1.7560455119259	15.39440801801778	0.5083083958386626
-0.5185185185185186	-0.7851851851851851	0.2898467162233563	13.07404280211763	1.924120522439362
-0.5185185185185186	-0.9333333333333332	-1.037169411585951	10.99205914599919	1.59312410470593
-0.5185185185185186	-1.081481481481481	-1.438542759697586	9.918806900335708	0.2683970717296396
-0.5185185185185186	-1.229629629629629	-2.963950961271953	7.7917651143044	0.8782426698483274
-0.5185185185185186	-1.377777777777778	-2.664265092218769	7.549707892851732	0.6768421787282488
-0.5185185185185186	-1.525925925925926	-3.715179070003476	6.008506443896858	0.0602377778637706
-0.5185185185185186	-1.674074074074074	-5.057222440564407	4.220695206962588	0.1997044810108408
-0.5185185185185186	-1.822222222222222	-5.388545356020416	3.482370939962886	0.1453663610300215
-0.5185185185185186	-1.97037037037037	-5.875273109179356	2.622598267710377	0.06969924027508141
-0.5185185185185186	-2.118518518518518	-5.858332666404752	2.296398907976484	0.08090640402820391
-0.5185185185185186	-2.266666666666667	-6.22233680878354	1.615724564093497	0.0795918121931731
-0.5185185185185186	-2.414814814814815	-5.917946814303752	1.626982224453076	0.5456372634728524
-0.5185185185185186	-2.562962962962963	-5.926812160823656	1.346005893518377	0.1274895035523966
-0.5185185185185186	-2.711111111111111	-6.145128396216951	0.8744281051582039	0.09798172932654389
-0.5185185185185186	-2.859259259259259	-6.205778721430844	0.5774815893023639	0.1143685110460508
-0.5185185185185186	-3.007407407407408	-6.241676752137595	0.3206105656966551	0.1361530609180915
-0.5185185185185186	-3.155555555555555	-6.248188215016399	0.1070115929390889	0.1121507041570754
-0.5185185185185186	-3.303703703703703	-6.213813451963935	0.05307966843314826	0.133520626242393
-0.5185185185185186	-3.451851851851852	-5.377328430326609	0.6004451620340499	0.159806206708229
-0.5185185185185186	-3.6	-5.678930728410101	0.1264001321547568	0.08026433497083708
-0.3703703703703705	0.4	-46.10532725108012	27.49693058409013	1.856168128769323
-0.3703703703703705	0.2518518518518519	-7.615085081466768	8.912428447533282	11.64322410146873
-0.3703703703703705	0.1037037037037037	-14.73677824065753	0.1189385296529917	2.077329952376469
-0.3703703703703705	-0.0444444444444444	-6.667398192762954	6.817941295944951	1.438207985740751
-0.3703703703703705	-0.1925925925925925	-8.858495470404636	3.484330765075807	8.73479245586527
-0.3703703703703705	-0.3407407407407407	-1.039479854353992	10.33694672464498	0.5411012924085079
-0.3703703703703705	-0.4888888888888888	3.365653094242722	13.9144296869583	0.7700610511911623
-0.3703703703703705	-0.637037037037037	3.985464539104797	13.81774312407459	0.7815246398252275
-0.3703703703703705	-0.7851851851851851	3.691647741156921	12.89778326832607	2.715958574943944
-0.3703703703703705	-0.9333333333333332	3.92723391481626	12.58162861905087	0.02303372812554328
-0.3703703703703705	-1.081481481481481	1.450636926227937	9.615261738254656	0.3262092172944865
-0.3703703703703705	-1.229629629629629	1.726792537859748	9.453793757845498	0.1103876884735941
-0.3703703703703705	-1.377777777777778	0.413866545485395	7.747527147677887	0.2591061516577922
-0.3703703703703705	-1.525925925925926	-0.9309450545696253	6.047292192317916	0.3035661830575793
-0.3703703703703705	-1.674074074074074	-2.265949505360032	4.38957484570232	0.2067776651477755
-0.3703703703703705	-1.822222222222222	-3.109331727959993	3.25189113636659	0.3056385668923132
-0.3703703703703705	-1.97037037037037	-3.181588491546946	2.910164187696558	0.09536339441979262
-0.3703703703703705	-2.118518518518518	-4.472337776256657	1.371771120459506	0.5340206545739522
-0.3703703703703705	-2.266666666666667	-4.40091569199774	1.214835443350165	0.2780145535986366
-0.3703703703703705	-2.414814814814815	-4.164320818729265	1.240196558139092	0.1086468303077847
-0.3703703703703705	-2.562962962962963	-3.814162169353485	1.394394077499908	0.4742120907181942
-0.3703703703703705	-2.711111111111111	-4.175030266231743	0.8512430330871421	0.1658499753406663
-0.3703703703703705	-2.859259259259259	-3.866330984478032	0.9899570631291286	0.1878854287383341
-0.3703703703703705	-3.007407407407408	-3.779989052460833	0.9174102676358982	0.09594526448997269
-0.3703703703703705	-3.155555555555555	-4.366299461352137	0.1822576606583208	0.1181002989509071
-0.3703703703703705	-3.303703703703703	-4.616689540269858	0.2078499162603142	0.08136931107078031
-0.3703703703703705	-3.451851851851852	-4.505586964752262	0.2281527427732399	0.05882692909050263
-0.3703703703703705	-3.6	-4.519091198832217	0.3654693455795188	0.0748922685004158
-0.2222222222222223	0.4	-44.23814485329241	32.81695857829312	1.606625383621687
-0.2222222222222223	0.2518518518518519	-18.22099697227202	8.125750016173706	2.375755289402599
-0.2222222222222223	0.1037037037037037	-16.39855946808319	7.355707910056903	2.770405236996203
-0.2222222222222223	-0.0444444444444444	-5.121995577713129	3.06580643419138	2.778075603661568
-0.2222222222222223	-0.1925925925925925	-13.88423219652593	6.404590954957278	3.464954071363154
-0.2222222222222223	-0.3407407407407407	-6.41488330779337	0.4687994208224682	0.3237361844076752
-0.2222222222222223	-0.4888888888888888	1.784584058811	8.1599050336195	0.07676596563153198
-0.2222222222222223	-0.637037037037037	3.675015989185011	9.611646192232685	0.3059591329103568
-0.2222222222222223	-0.7851851851851851	4.135244411037972	9.689493112871128	0.3773641299962062
-0.2222222222222223	-0.9333333333333332	3.758613601440692	8.976630725015777	0.5136041569144315
-0.2222222222222223	-1.081481481481481	0.8447452732283492	5.764820921016682	2.531392355074304
-0.2222222222222223	-1.229629629629629	0.7025105436535071	5.356760155740999	0.239194486387641
-0.2222222222222223	-1.377777777777778	-0.3555647833142168	4.060056951323554	0.333796030457451
-0.2222222222222223	-1.525925925925926	-0.8574751701209543	3.342752948445256	0.1979838511013616
-0.2222222222222223	-1.674074074074074	-1.153887286018566	2.85095095635722	0.2106429966800399
-0.2222222222222223	-1.822222222222222	-1.593938889175755	2.232854208948562	0.1436770716295588
-0.2222222222222223	-1.97037037037037	-1.902980119790778	1.760904208910976	0.08734378018854878
-0.2222222222222223	-2.118518518518518	-1.900703535330804	1.613559219053224	0.02697297504092964
-0.2222222222222223	-2.266666666666667	-1.736095468009934	1.640272817578262	0.1318420039040777
-0.2222222222222223	-2.414814814814815	-1.764516788298118	1.484358825168649	0.1978264580755338
-0.2222222222222223	-2.562962962962963	-1.511308234842315	1.61934345361092	0.1760420248027499
-0.2222222222222223	-2.711111111111111	-1.562842869316742	1.457879239373837	0.1679078074922302
-0.2222222222222223	-2.859259259259259	-1.746707642504775	1.171536673080916	0.357496269000936
-0.2222222222222223	-3.007407407407408	-1.768279599477738	1.05420644244884	0.3435048975999175
-0.2222222222222223	-3.155555555555555	-2.280787498354402	0.4520203522552926	0.1193727197584842
-0.2222222222222223	-3.303703703703703	-2.467374890868182	0.1812739957119804	0.05271033126315854
-0.2222222222222223	-3.451851851851852	-2.443560155550178	0.1259550175775996	0.1033104928969718
-0.2222222222222223	-3.6	-2.325847458212203	0.1691224798919317	0.2122642849524663
-0.07407407407407418	0.4	24.58191392788423	28.4343993348649	0.04119374188533464
-0.07407407407407418	0.2518518518518519	-5.282587613304981	1.886228302643097	0.4975173435368543
-0.07407407407407418	0.1037037037037037	-9.812139286453682	6.775422041417645	0.4709165178161355
-0.07407407407407418	-0.0444444444444444	-10.13021968438467	7.384324854105444	1.057049149528955
-0.07407407407407418	-0.1925925925925925	-9.444463441680478	6.93858848626668	0.640046491236282
-0.07407407407407418	-0.3407407407407407	-4.120505209305636	1.816083408112681	0.08132054745994839
-0.07407407407407418	-0.4888888888888888	0.1075765188293992	2.240511701639563	0.2970869373211457
-0.07407407407407418	-0.637037037037037	1.729326732049903	3.714520835852669	0.4811516004480964
-0.07407407407407418	-0.7851851851851851	2.21368843642915	4.070275948840035	0.5313531785401649
-0.07407407407407418	-0.9333333333333332	1.703212835545212	3.446838134922162	0.1190412976755666
-0.07407407407407418	-1.081481481481481	1.055340621567338	2.698957898190167	0.430310465958655
-0.07407407407407418	-1.229629629629629	1.022922953618294	2.577379430046764	0.2551050046347752
-0.07407407407407418	-1.377777777777778	1.06684517162523	2.541314432592143	0.1786820765050451
-0.07407407407407418	-1.525925925925926	1.445602072390419	2.847911462549822	1.018141456152047
-0.07407407407407418	-1.674074074074074	0.6162991095637615	1.95318082066971	0.2367201137936215
-0.07407407407407418	-1.822222222222222	0.2222729222085327	1.499559159628699	0.3023396840025202
-0.07407407407407418	-1.97037037037037	0.3516753042236817	1.574451838482823	0.02546777484584909
-0.07407407407407418	-2.118518518518518	0.06520167129206991	1.237929985863815	0.0440869955951074
-0.07407407407407418	-2.266666666666667	0.4679017511177109	1.59451718973585	0.1846237126505403
-0.07407407407407418	-2.414814814814815	0.2993046595257617	1.383296017335697	0.05650835417167704
-0.07407407407407418	-2.562962962962963	0.3780641721023152	1.422538786781789	0.03211803078267001
-0.07407407407407418	-2.711111111111111	0.4505429189943744	1.458280320050065	0.181845386356479
-0.07407407407407418	-2.859259259259259	0.2545631552309857	1.228059602792773	0.06385705122414309
-0.07407407407407418	-3.007407407407408	0.05679077209410285	0.9982964805920612	0.02514647885307081
-0.07407407407407418	-3.155555555555555	-0.2376185687923134	0.6739318736963553	0.1538879618384617
-0.07407407407407418	-3.303703703703703	-0.2860631393210448	0.5973792484673399	0.187035083117235
-0.07407407407407418	-3.451851851851852	-0.2943954599697166	0.5626203431818534	0.3198415093492935
-0.07407407407407418	-3.6	-0.333396239760533	0.4987279586130807	0.2178725243992738
0.07407407407407396	0.4	-36.69180194017101	40.54428734715168	0.3442479013593208
0.07407407407407396	0.2518518518518519	5.71581836543311	2.319459054771225	0.2191882019603495
0.07407407407407396	0.1037037037037037	7.992500176789045	4.955782931753008	0.9424997663966556
0.07407407407407396	-0.0444444444444444	7.110665746255295	4.36477091597607	1.50469012900621
0.07407407407407396	-0.1925925925925925	6.834581584726784	4.328706629312987	0.6643605808916345
0.07407407407407396	-0.3407407407407407	4.122131862499428	1.817710061306473	0.5283223070353261
0.07407407407407396	-0.4888888888888888	-0.1683019901716409	2.301237172981804	0.2317615700779251
0.07407407407407396	-0.637037037037037	-1.176054456790258	3.161248560593024	0.3923575950550881
0.07407407407407396	-0.7851851851851851	-3.068694295756166	4.925281808167051	0.09598032467309811
0.07407407407407396	-0.9333333333333332	-1.792783562219732	3.536408861596682	0.3162243882046319
0.07407407407407396	-1.081481481481481	-1.982797321386752	3.626414598009581	0.1305510432831964
0.07407407407407396	-1.229629629629629	-0.7854054059272784	2.339861882355748	0.3015104490252559
0.07407407407407396	-1.377777777777778	-0.7099657554139644	2.184435016380878	0.6473977970258222
0.07407407407407396	-1.525925925925926	-2.239518410627269	3.641827800786672	1.206787088249006
0.07407407407407396	-1.674074074074074	-1.488996326981445	2.825878038087393	0.2902647113154596
0.07407407407407396	-1.822222222222222	-0.5698427894677986	1.847129026887965	0.3916602946085849
0.07407407407407396	-1.97037037037037	0.4594174639758587	0.7633590702832821	0.07580032048724573
0.07407407407407396	-2.118518518518518	0.7975325811273254	0.3751957334444193	0.2350623029179481
0.07407407407407396	-2.266666666666667	0.3115290715759816	0.8150863670421574	0.2143502107895191
0.07407407407407396	-2.414814814814815	0.496943953625932	0.5870474041840029	0.04644683782966125
0.07407407407407396	-2.562962962962963	0.7601747939402878	0.2842998207391857	0.3358421478403695
0.07407407407407396	-2.711111111111111	0.1507038943853513	0.8570335066703518	0.3960830959642245
0.07407407407407396	-2.859259259259259	0.2327813982233299	0.7407150493384573	0.06132058179056449
0.07407407407407396	-3.007407407407408	0.06322316867491846	0.8782825398230398	0.09365234489209093
0.07407407407407396	-3.155555555555555	0.3124783021157927	0.599072140372876	0.1951315830165944
0.07407407407407396	-3.303703703703703	0.2300302561331831	0.6534121316552015	0.1675373849486294
0.07407407407407396	-3.451851851851852	0.09011731981810134	0.7668984833334687	0.1005648934970819
0.07407407407407396	-3.6	0.1059811718399285	0.7261430265336851	0.1505131643905016
0.2222222222222223	0.4	45.84474054769146	34.42355427269217	1.893900886732367
0.2222222222222223	0.2518518518518519	15.14885049206876	5.053603535970439	3.688211786171258
0.2222222222222223	0.1037037037037037	12.51035286305641	3.467501305030126	6.923783763379017
0.2222222222222223	-0.0444444444444444	2.686025396150738	5.501776615753771	0.4993340066812632
0.2222222222222223	-0.1925925925925925	13.13567602909317	5.656034787524511	3.222812325119348
0.2222222222222223	-0.3407407407407407	6.431916035466067	0.4517666931497839	0.5533217700037866
0.2222222222222223	-0.4888888888888888	-1.340252343990402	7.715573318798903	0.3816561617378339
0.2222222222222223	-0.637037037037037	-3.992140897787115	9.928771100834791	0.3692622688364214
0.2222222222222223	-0.7851851851851851	-4.184275220651576	9.738523922484731	0.07320252508343758
0.2222222222222223	-0.9333333333333332	-3.715957588509702	8.933974712084801	0.02100292013968084
0.2222222222222223	-1.081481481481481	-2.281567720769263	7.201643368557596	0.4174034282555927
0.2222222222222223	-1.229629629629629	-1.381450907811843	6.035700519899335	0.5164193185134969
0.2222222222222223	-1.377777777777778	-0.3956833650888312	4.811305099726601	0.6190204785845015
0.2222222222222223	-1.525925925925926	-0.2892132367715169	4.48944135533774	0.1493080049601298
0.2222222222222223	-1.674074074074074	0.1128269654349949	3.892011276940804	0.07331531627883325
0.2222222222222223	-1.822222222222222	0.6983308433733786	3.128462254750951	0.01941575213871174
0.2222222222222223	-1.97037037037037	1.031845137660249	2.632039191041518	0.04192365595625092
0.2222222222222223	-2.118518518518518	1.243977000062947	2.270285754321081	0.1010891047409301
0.2222222222222223	-2.266666666666667	2.161698051311765	1.214670234276431	0.3458625337205856
0.2222222222222223	-2.414814814814815	2.332501452968267	0.9163741604984996	0.4620452014476973
0.2222222222222223	-2.562962962962963	1.78984036055522	1.340811327898028	0.3263299956345465
0.2222222222222223	-2.711111111111111	1.079308299431095	1.941413809259496	0.3474867798677226
0.2222222222222223	-2.859259259259259	0.9709681093697453	1.947276206215958	0.3138683350248753
0.2222222222222223	-3.007407407407408	1.053832745131511	1.768653296795081	0.3008323871573576
0.2222222222222223	-3.155555555555555	1.387386290102786	1.345421560506909	0.02235337204793157
0.2222222222222223	-3.303703703703703	1.51864662840019	1.130002258179985	0.03059978784249364
0.2222222222222223	-3.451851851851852	1.547852933443874	1.021662239683917	0.3653080941469318
0.2222222222222223	-3.6	1.93588318918117	0.5590867489229649	0.5111240867813799
0.3703703703703702	0.4	47.2961263230688	28.68772965607881	3.320519749483755
0.3703703703703702	0.2518518518518519	3.25418681592594	13.27332671307411	13.6711224792423
0.3703703703703702	0.1037037037037037	15.19249264109135	0.3367758707808335	4.554364581102883
0.3703703703703702	-0.0444444444444444	3.999245325844142	9.486094162863765	1.751825827890235
0.3703703703703702	-0.1925925925925925	-9.855460676356868	22.19828691183731	14.59208748625302
0.3703703703703702	-0.3407407407407407	1.485319158785499	9.891107420213483	0.4500916162417402
0.3703703703703702	-0.4888888888888888	-4.124693059738017	14.67346965245359	0.3276893122241998
0.3703703703703702	-0.637037037037037	-4.519538440757835	14.35181702572763	0.6033280975154287
0.3703703703703702	-0.7851851851851851	-5.377903015335998	14.58403854250515	0.7104245047588926
0.3703703703703702	-0.9333333333333332	-5.01521356807554	13.66960827231016	0.07075611629755306
0.3703703703703702	-1.081481481481481	-2.491957795236547	10.65658260726327	0.1702620905679223
0.3703703703703702	-1.229629629629629	-1.148806637312831	8.875807857298582	0.07232597561488496
0.3703703703703702	-1.377777777777778	0.8403822283000771	6.493278373892414	0.3101285291236423
0.3703703703703702	-1.525925925925926	1.811838700958654	5.166398545928887	0.3638567592584501
0.3703703703703702	-1.674074074074074	1.568212068442779	5.087312282619575	0.5968192244981976
0.3703703703703702	-1.822222222222222	3.289243184319454	3.071979680007141	0.5438851587693376
0.3703703703703702	-1.97037037037037	4.155530312003267	1.936222367240249	0.12267923081841
0.3703703703703702	-2.118518518518518	4.659576561394933	1.18453233532123	0.09395212344300904
0.3703703703703702	-2.266666666666667	4.944912326554084	0.670838808793822	0.3560765960405892
0.3703703703703702	-2.414814814814815	4.649754316528105	0.7547630603402524	0.3841772280723229
0.3703703703703702	-2.562962962962963	3.673185373420133	1.535370873433259	0.5826686902787198
0.3703703703703702	-2.711111111111111	3.95939797614855	1.066875323170348	1.133135864560185
0.3703703703703702	-2.859259259259259	2.416112377820125	2.440175669787049	0.05495698942943401
0.3703703703703702	-3.007407407407408	2.847206141284637	1.850193178812094	0.2345760028772978
0.3703703703703702	-3.155555555555555	3.202627459248322	1.345929662762136	0.1184944487963302
0.3703703703703702	-3.303703703703703	2.963288310801151	1.445551313208406	0.07424219529998174
0.3703703703703702	-3.451851851851852	3.244426079283655	1.033008142695367	0.4926920577912817
0.3703703703703702	-3.6	3.261148868009735	0.8924729852429629	0.3453965989681015
0.5185185185185182	0.4	47.51294572275969	22.27467130958579	14.00975612462534
0.5185185185185182	0.2518518518518519	53.7735868271623	31.21410948272397	5.430465862427021
0.5185185185185182	0.1037037037037037	31.77256938774967	11.39995007663913	1.220932086553254
0.5185185185185182	-0.0444444444444444	12.05964425370692	6.498875433364331	10.4152017748197
0.5185185185185182	-0.1925925925925925	9.741573311460318	7.290648657940803	10.11715186183178
0.5185185185185182	-0.3407407407407407	-13.0548159411651	28.7868207262724	0.6326672690535844
0.5185185185185182	-0.4888888888888888	-1.828819026904154	16.44100591386436	0.2782715050449552
0.5185185185185182	-0.637037037037037	-3.305665845681035	16.94402835177292	0.04747018871446174
0.5185185185185182	-0.7851851851851851	-2.080395893440508	14.86459197933477	0.3812216711629302
0.5185185185185182	-0.9333333333333332	-0.9396326659562269	12.96886122354137	0.1713126862823856
0.5185185185185182	-1.081481481481481	0.525377261842759	10.83197239819054	0.1508386054130754
0.5185185185185182	-1.229629629629629	1.603295456223496	9.152420619352844	0.1169697082857157
0.5185185185185182	-1.377777777777778	2.327222924633194	7.886750060437294	0.3281300075210209
0.5185185185185182	-1.525925925925926	3.279547360577432	6.444138153322902	0.2854104443017803
0.5185185185185182	-1.674074074074074	3.98095515840626	5.296962489120734	0.5603542580143975
0.5185185185185182	-1.822222222222222	4.803138708090525	4.067777587892777	0.4399728586886144
0.5185185185185182	-1.97037037037037	5.155923362979904	3.341948013909829	0.5382675071270032
0.5185185185185182	-2.118518518518518	5.515239856788641	2.639491717592595	0.3358116492003114
0.5185185185185182	-2.266666666666667	5.355071558864286	2.48298981401275	0.3635508490815704
0.5185185185185182	-2.414814814814815	5.540745895301199	2.004183143455629	0.9721462466753551
0.5185185185185182	-2.562962962962963	7.168996618473999	0.1038214358680456	0.7620321264608689
0.5185185185185182	-2.711111111111111	7.728404458702997	0.7088479573278414	0.03578292411368188
0.5185185185185182	-2.859259259259259	7.489496831327081	0.7062365205938725	0.1622906553057264
0.5185185185185182	-3.007407407407408	7.669520821103569	1.107233503269307	0.139099913677534
0.5185185185185182	-3.155555555555555	7.395461008395562	1.040261200440074	0.3664223226191591
0.5185185185185182	-3.303703703703703	6.893051622090525	0.7323178385597382	0.6491594953926536
0.5185185185185182	-3.451851851851852	6.34640975700021	0.3686361646395504	0.8150423135197641
0.5185185185185182	-3.6	5.854467432964486	0.04913657239962799	0.3915649787869637
0.6666666666666665	0.4	58.89135278836856	27.67295002402217	30.2284303308229
0.6666666666666665	0.2518518518518519	4.579245273897486	23.52852774187502	13.97258138575353
0.6666666666666665	0.1037037037037037	48.34309361470035	22.82078409951409	6.067002696856943
0.6666666666666665	-0.0444444444444444	18.02397522639084	5.323693301700242	13.56176676296699
0.6666666666666665	-0.1925925925925925	38.87364417789068	17.37549874537887	4.736624870268213
0.6666666666666665	-0.3407407407407407	52.13203115352457	32.22300996872688	4.071771518167091
0.6666666666666665	-0.4888888888888888	8.266610973503202	10.26431058966504	0.9950277698584519
0.6666666666666665	-0.637037037037037	2.740596215537461	14.58515375882984	0.5201449809033202
0.6666666666666665	-0.7851851851851851	4.055761969742933	12.20800857000039	0.2488946625766689
0.6666666666666665	-0.9333333333333332	5.292464198563096	10.0290458763017	0.5084276760496446
0.6666666666666665	-1.081481481481481	6.013356750552576	8.466881512126715	0.3077648150177623
0.6666666666666665	-1.229629629629629	6.853332218054433	6.871524209597213	0.7470250987833981
0.6666666666666665	-1.377777777777778	7.198617729081948	5.84445897192747	0.7248553699838889
0.6666666666666665	-1.525925925925926	7.175258203877877	5.249551056905928	0.3081985121844857
0.6666666666666665	-1.674074074074074	8.173698615459625	3.68800146367426	0.4316991627365928
0.6666666666666665	-1.822222222222222	7.891337643540689	3.455440985858731	0.1327997867107323
0.6666666666666665	-1.97037037037037	7.924009429922615	2.950177315424725	0.3088012695866281
0.6666666666666665	-2.118518518518518	7.040229372612541	3.398738600281807	0.1972380573741959
0.6666666666666665	-2.266666666666667	5.803481812035277	4.233420641928233	0.2521024668511995
0.6666666666666665	-2.414814814814815	6.527468564722412	3.136907839246337	0.519599053580697
0.6666666666666665	-2.562962962962963	6.680758537555621	2.637519571145309	0.3244873212845054
0.6666666666666665	-2.711111111111111	6.101862263043438	2.894052162322266	0.08262849972347087
0.6666666666666665	-2.859259259259259	5.802910481357317	2.892032784996386	0.09473197294113633
0.6666666666666665	-3.007407407407408	5.552125118964033	2.861193519020034	0.1839735146079359
0.6666666666666665	-3.155555555555555	5.606868864340309	2.542376749882858	0.4702153533393847
0.6666666666666665	-3.303703703703703	5.670137204382501	2.231006022686912	0.1782316561774952
0.6666666666666665	-3.451851851851852	5.803991864768589	1.863621842393542	0.1409211524366461
0.6666666666666665	-3.6	6.192800637559065	1.254616212636094	0.3109618635320996
0.8148148148148149	0.4	45.88111926359341	9.35226389660825	28.71656387378799
0.8148148148148149	0.2518518518518519	52.97338032800653	19.83611502332021	16.69624430377956
0.8148148148148149	0.1037037037037037	13.11217746820354	17.15370820769277	27.55614881854385
0.8148148148148149	-0.0444444444444444	54.3039836745898	26.48884348756139	2.812595066048369
0.8148148148148149	-0.1925925925925925	53.63354835821548	27.92736428458431	3.22930874316575
0.8148148148148149	-0.3407407407407407	48.36894427636742	24.49208315436756	3.294692278684086
0.8148148148148149	-0.4888888888888888	-22.61088397578925	44.88898334868694	7.496151596833113
0.8148148148148149	-0.637037037037037	12.35431587251091	8.51665748822511	0.2150205446580808
0.8148148148148149	-0.7851851851851851	11.97653371749051	7.647871684535861	1.285531231592685
0.8148148148148149	-0.9333333333333332	13.7665072922039	4.746893028262859	0.2391472771035338
0.8148148148148149	-1.081481481481481	12.91148260138783	4.606217094294415	0.4707266673246764
0.8148148148148149	-1.229629629629629	11.44456407184513	5.176192842046941	0.8405206697286962
0.8148148148148149	-1.377777777777778	10.94484254133735	4.864111890473207	0.031238859344693
0.8148148148148149	-1.525925925925926	10.22472699050072	4.84627612726892	0.4238658011225272
0.8148148148148149	-1.674074074074074	10.49153853993917	3.905939979514594	0.2780225566399518
0.8148148148148149	-1.822222222222222	10.19727513016005	3.583185307027177	0.2843340661518901
0.8148148148148149	-1.97037037037037	11.67008592804212	1.543164893118325	0.5470335618156251
0.8148148148148149	-2.118518518518518	11.52965189173273	1.160499511745799	0.710595620741555
0.8148148148148149	-2.266666666666667	10.97713471236208	1.229152469847834	0.4167487024944735
0.8148148148148149	-2.414814814814815	10.02216608462059	1.735299253091556	0.5583085162174187
0.8148148148148149	-2.562962962962963	8.623308332641283	2.716753382868097	0.1866042948033387
0.8148148148148149	-2.711111111111111	7.880433432374126	3.070495468608593	0.4985395359693563
0.8148148148148149	-2.859259259259259	6.252561230991349	4.334760087245789	0.1282476283119217
0.8148148148148149	-3.007407407407408	6.250337476768115	3.99649636170426	0.04384824516755323
0.8148148148148149	-3.155555555555555	6.446142638766458	3.481208537115393	0.3285001240602742
0.8148148148148149	-3.303703703703703	6.229481532212644	3.397524417354094	0.1681899623737191
0.8148148148148149	-3.451851851851852	6.710800794175164	2.633342953471654	0.1302693752732798
0.8148148148148149	-3.6	6.605752666666563	2.471541214125759	0.1475352857883833
0.9629629629629628	0.4	29.77767813380518	11.42190188853656	10.95033756554933
0.9629629629629628	0.2518518518518519	38.10857533000421	0.457909471748323	24.4080553138082
0.9629629629629628	0.1037037037037037	42.78656994359174	8.194281256081794	15.0571969349687
0.9629629629629628	-0.0444444444444444	13.75082457454303	18.19276424473797	26.54675555495872
0.9629629629629628	-0.1925925925925925	27.25259202254005	2.384158655878128	20.55493572419461
0.9629629629629628	-0.3407407407407407	61.89120026752771	34.27538737799688	5.365287989328427
0.9629629629629628	-0.4888888888888888	57.76580831088398	31.93087372259481	0.1234345968803888
0.9629629629629628	-0.637037037037037	40.65004088291526	16.39340000137401	0.3164563777805204
0.9629629629629628	-0.7851851851851851	32.76592209823367	9.915664057993677	0.8017637606353447
0.9629629629629628	-0.9333333333333332	24.52752393128621	2.936925822985042	1.685142515459899
0.9629629629629628	-1.081481481481481	20.24076254199898	0.2161239385329097	0.7679471797711008
0.9629629629629628	-1.229629629629629	16.39011941006726	3.041782012029266	1.123412643025655
0.9629629629629628	-1.377777777777778	17.66624276470314	0.8350461823898883	1.246227175440604
0.9629629629629628	-1.525925925925926	16.72926226900847	0.9237565543097759	0.8605917375201915
0.9629629629629628	-1.674074074074074	15.29190764442394	1.585044854576404	0.3745890598649099
0.9629629629629628	-1.822222222222222	13.93526440731922	2.229234744937699	1.33087683565412
0.9629629629629628	-1.97037037037037	11.9876607225316	3.520680215303184	0.9465894808385658
0.9629629629629628	-2.118518518518518	11.82596079834824	3.076251779827006	0.6718490387874173
0.9629629629629628	-2.266666666666667	12.04757860899081	2.293145109310498	0.08227834331474161
0.9629629629629628	-2.414814814814815	11.57635029747801	2.242864740568416	0.3088189392813562
0.9629629629629628	-2.562962962962963	11.83714616687094	1.496494949497007	0.3878538302608897
0.9629629629629628	-2.711111111111111	12.02427441902567	0.8562001702550006	0.4207379198788558
0.9629629629629628	-2.859259259259259	12.74177181625076	0.2851444804309118	1.371968641253109
0.9629629629629628	-3.007407407407408	12.16572435560042	0.1063390091178711	1.418471439779277
0.9629629629629628	-3.155555555555555	10.78076398762683	0.9055906517610026	0.3686360940267442
0.9629629629629628	-3.303703703703703	7.636738853393267	3.698677286632103	0.3772902579463071
0.9629629629629628	-3.451851851851852	7.295474280953812	3.709213587521859	0.3574254649849967
0.9629629629629628	-3.6	8.060841358604739	2.631651753373045	0.1835802972149198
1.111111111111111	0.4	38.3228734401787	6.965042626378384	4.508092280221588
1.111111111111111	0.2518518518518519	28.03693886393967	13.63878399492809	3.84145283059455
1.111111111111111	0.1037037037037037	26.87372898979196	11.63750059050296	2.501841922770203
1.111111111111111	-0.0444444444444444	15.03457531915764	20.69758841802124	19.5866963655973
1.111111111111111	-0.1925925925925925	31.0342370826015	2.248865743437854	2.891369803724286
1.111111111111111	-0.3407407407407407	46.53819835082619	15.42210480234967	2.207291894640738
1.111111111111111	-0.4888888888888888	5.818986486529504	23.37132503170957	0.1252473284273484
1.111111111111111	-0.637037037037037	37.31814347160938	9.846838490868741	2.674946399619943
1.111111111111111	-0.7851851851851851	34.579990122015	8.64987269980077	1.826182504298032
1.111111111111111	-0.9333333333333332	28.99117549202812	4.448740610046663	0.7784988269280405
1.111111111111111	-1.081481481481481	27.25582112592332	3.968000365047864	1.271736234062802
1.111111111111111	-1.229629629629629	24.37531411830893	2.226256560566306	1.500181157307169
1.111111111111111	-1.377777777777778	22.88336277134177	1.771768803608676	0.6719212561064609
1.111111111111111	-1.525925925925926	20.73690163291639	0.5738148505000922	0.3734452535630929
1.111111111111111	-1.674074074074074	18.06882293175399	1.224201238550208	1.563016045282526
1.111111111111111	-1.822222222222222	19.18553159292264	0.6931146052068655	0.4699403683198669
1.111111111111111	-1.97037037037037	19.19941258624627	1.445866493959148	0.09899821723871916
1.111111111111111	-2.118518518518518	17.72856036217323	0.6588050054869719	0.8938533917954112
1.111111111111111	-2.266666666666667	16.19855453392443	0.2367272717219393	1.110906901274866
1.111111111111111	-2.414814814814815	14.29806720746042	1.547048646690618	0.6914433936574271
1.111111111111111	-2.562962962962963	13.57928694641058	1.71559900680637	0.3290368015062464
1.111111111111111	-2.711111111111111	13.59830240982897	1.182460641848971	0.3695203381095115
1.111111111111111	-2.859259259259259	13.36852611323388	0.9308550670902171	0.2274079536484995
1.111111111111111	-3.007407407407408	12.53464913272336	1.313122056073254	0.125511552537141
1.111111111111111	-3.155555555555555	13.20002334995095	0.2232818959990084	0.6399867709579073
1.111111111111111	-3.303703703703703	13.51735403282756	0.4937038547570314	0.4565880634357516
1.111111111111111	-3.451851851851852	12.93926804060218	0.2925399511759466	0.4923809508013922
1.111111111111111	-3.6	12.1190295164257	0.1716534886701346	0.2046777522013542
1.259259259259259	0.4	6.276764945356975	42.58506631005831	0.04304159769800694
1.259259259259259	0.2518518518518519	2.554635720786134	42.69925824296733	0.06471876913683176
1.259259259259259	0.1037037037037037	2.256464275651281	39.78947008197557	0.09565773656393568
1.259259259259259	-0.0444444444444444	8.587533956576834	30.60446942532642	0.02305606722701955
1.259259259259259	-0.1925925925925925	23.90810179475037	12.7405000502971	4.651861125310528
1.259259259259259	-0.3407407407407407	41.06683860799944	6.690626884184432	0.3141712910057012
1.259259259259259	-0.4888888888888888	NaN	NaN	NaN
1.259259259259259	-0.637037037037037	61.23737013333509	30.7284489033544	0.6224176355760086
1.259259259259259	-0.7851851851851851	52.36347626246329	23.50636131480166	0.5996630129007114
1.259259259259259	-0.9333333333333332	42.3340772918148	14.97234050510089	0.9148727787197404
1.259259259259259	-1.081481481481481	33.176111198387	7.172765353875551	0.6663614300960513
1.259259259259259	-1.229629629629629	29.27312531369987	4.507845476121258	1.450231822842125
1.259259259259259	-1.377777777777778	25.69953495333619	2.066289022610103	1.384283890452422
1.259259259259259	-1.525925925925926	24.98640036026955	2.39143795738962	0.7313214677246969
1.259259259259259	-1.674074074074074	23.92612078463954	2.286269966419248	0.6156371016894894
1.259259259259259	-1.822222222222222	21.99030203593604	1.231527354199137	0.3891846657788283
1.259259259259259	-1.97037037037037	21.00186775792626	1.058048641894704	0.2088432596774009
1.259259259259259	-2.118518518518518	20.05226489760424	0.8641590544728039	0.1107598172981881
1.259259259259259	-2.266666666666667	20.1372448316915	1.651606744925559	0.04436336851972038
1.259259259259259	-2.414814814814815	19.40267518386813	1.571504592151303	0.1640939024290775
1.259259259259259	-2.562962962962963	19.0614507268118	1.841350118316218	0.4278336358226168
1.259259259259259	-2.711111111111111	16.44908798549553	0.1992883381629191	0.6882283571981367
1.259259259259259	-2.859259259259259	15.0648890078392	1.047530780020375	0.5899279525613204
1.259259259259259	-3.007407407407408	14.98931459837775	0.6197472927885173	0.3942150758713511
1.259259259259259	-3.155555555555555	15.30262737333038	0.1671400155805554	0.1909207762654097
1.259259259259259	-3.303703703703703	14.83205328819988	0.1428652024335015	0.1845951456920576
1.259259259259259	-3.451851851851852	12.41479711858835	1.853126332906255	0.1063121369578015
1.259259259259259	-3.6	13.5668024811297	0.302883957375343	0.1390048809967768
1.407407407407407	0.4	-23.36598714778514	75.35555273362536	1.55135827333497
1.407407407407407	0.2518518518518519	-21.96682619943154	70.39886408350586	4.690701968734403
1.407407407407407	0.1037037037037037	-18.12783055744411	63.35489322414289	0.6901679282510336
1.407407407407407	-0.0444444444444444	-12.08190591095007	54.42390987157101	0.3909144960488842
1.407407407407407	-0.1925925925925925	28.993333474262	10.75052310124848	5.170681881045463
1.407407407407407	-0.3407407407407407	41.699307405182	4.298230091079169	1.015025576404946
1.407407407407407	-0.4888888888888888	48.50777938196617	13.22321789490817	0.3051261920244421
1.407407407407407	-0.637037037037037	51.29704339368782	17.92898809877866	0.6510963767380542
1.407407407407407	-0.7851851851851851	51.72214585091657	20.09392367807316	0.5461098846536145
1.407407407407407	-0.9333333333333332	49.33493304331262	19.29041974272474	0.9982380238784497
1.407407407407407	-1.081481481481481	44.40952625954458	15.81058680645581	0.6371278089154564
1.407407407407407	-1.229629629629629	39.69686824034018	12.42106445693686	1.038158723284063
1.407407407407407	-1.377777777777778	34.44875792543972	8.387327827300055	0.445239008370023
1.407407407407407	-1.525925925925926	30.41013200474181	5.466226741317229	0.4815187333338493
1.407407407407407	-1.674074074074074	27.44981960405389	3.536974961913558	0.5117479517817282
1.407407407407407	-1.822222222222222	25.85089527455851	2.891711531092991	0.3982537344902556
1.407407407407407	-1.97037037037037	25.90534095102045	3.830344881485928	0.2050037854223977
1.407407407407407	-2.118518518518518	22.33386151311852	1.080526025768616	0.5771366139128529
1.407407407407407	-2.266666666666667	20.34412970984402	0.1439709992595226	0.2619877142750429
1.407407407407407	-2.414814814814815	19.951881189931	0.1779619500504879	0.582789946627955
1.407407407407407	-2.562962962962963	19.48198604045476	0.3759378302712264	0.4805731506055583
1.407407407407407	-2.711111111111111	19.45434190059744	0.9740521906643878	0.3614536861960198
1.407407407407407	-2.859259259259259	18.63017149186482	0.7372529935893475	0.1155840983576319
1.407407407407407	-3.007407407407408	17.98664854547659	0.6460283118139323	0.6166977462955063
1.407407407407407	-3.155555555555555	17.30167801414893	0.4812393871737797	0.3477580896332603
1.407407407407407	-3.303703703703703	16.71312549471307	0.3833953392884979	0.1732840792341247
1.407407407407407	-3.451851851851852	15.95230182191818	0.08617663958134258	0.204549302588518
1.407407407407407	-3.6	15.59001835401927	0.162523846594901	0.3377431279610585
1.555555555555555	0.4	-18.07670539190603	72.8109377325604	1.23732642649521
1.555555555555555	0.2518518518518519	-44.50864288505856	95.76574916207068	11.74866797153677
1.555555555555555	0.1037037037037037	10.44214914739938	37.64609699814665	0.01860433937857639
1.555555555555555	-0.0444444444444444	39.86208919113072	5.343271146364152	7.216058587222844
1.555555555555555	-0.1925925925925925	26.41788732902595	16.16627755604809	1.948838441672912
1.555555555555555	-0.3407407407407407	-3.274208330444404	43.47437221653971	25.51231579055772
1.555555555555555	-0.4888888888888888	43.04482378649074	5.015046819762993	1.734186567280096
1.555555555555555	-0.637037037037037	46.89716481018134	10.84618133904907	0.07196800189692273
1.555555555555555	-0.7851851851851851	47.40273685556816	13.15910414370599	0.1510713784609278
1.555555555555555	-0.9333333333333332	46.7429099055252	14.15337300380956	0.2729264536885611
1.555555555555555	-1.081481481481481	45.4645059191151	14.39207469847728	0.5489668181302797
1.555555555555555	-1.229629629629629	42.75694335678834	13.07908443549132	0.6928258644403575
1.555555555555555	-1.377777777777778	39.62484322350666	11.23182380212365	0.2195259243344159
1.555555555555555	-1.525925925925926	36.59422969657239	9.38762649700028	0.649197349007001
1.555555555555555	-1.674074074074074	34.13373469801936	8.025106973677193	0.8625946121372632
1.555555555555555	-1.822222222222222	31.45981151399649	6.369529154422889	0.2508026780048935
1.555555555555555	-1.97037037037037	29.10621095679532	4.962424758316939	0.6667044560678497
1.555555555555555	-2.118518518518518	27.02827719135288	3.766016866202179	0.2375205930766178
1.555555555555555	-2.266666666666667	25.00000880911634	2.560394250629042	0.3280818929912684
1.555555555555555	-2.414814814814815	22.14040201527526	0.4699540825988606	0.3980849094797669
1.555555555555555	-2.562962962962963	20.81244746445295	0.1375143052377794	0.2849843245626737
1.555555555555555	-2.711111111111111	20.77143632916581	0.4975522850269236	1.264067566855734
1.555555555555555	-2.859259259259259	20.8092125803286	1.170808852270362	0.4169503047205223
1.555555555555555	-3.007407407407408	19.98990598464478	0.949792115741797	0.2692445663998085
1.555555555555555	-3.155555555555555	18.87404232307374	0.3980800644130014	0.3084183630369718
1.555555555555555	-3.303703703703703	19.3728962229737	1.429687550994974	0.1400096951261271
1.555555555555555	-3.451851851851852	18.6819324713821	1.242544698768253	0.4096869702223932
1.555555555555555	-3.6	17.61726449200758	0.6549875891351107	0.3122211005913214
1.703703703703703	0.4	29.85408504675194	27.2975181895317	2.872050014369691
1.703703703703703	0.2518518518518519	56.0432819229183	2.27011118705807	15.68582527809661
1.703703703703703	0.1037037037037037	48.14230870470243	2.520837329412402	5.562942233646733
1.703703703703703	-0.0444444444444444	52.42752397590031	4.620514754350928	1.134820541415035
1.703703703703703	-0.1925925925925925	39.52503701889964	5.662407610662896	1.802014660568036
1.703703703703703	-0.3407407407407407	42.28495237814501	0.50095305599109	2.130299153365655
1.703703703703703	-0.4888888888888888	47.26844921677061	6.684732659729171	2.5607155913668
1.703703703703703	-0.637037037037037	30.39891811976096	8.163881499808113	9.446872867949665
1.703703703703703	-0.7851851851851851	43.78216456690357	7.07605378641648	0.3506913727162833
1.703703703703703	-0.9333333333333332	46.11362033122678	11.11574765265649	0.4942522038768359
1.703703703703703	-1.081481481481481	44.5890511544779	11.16538520032715	0.5318647907238726
1.703703703703703	-1.229629629629629	43.56205014114446	11.5916204301359	0.2321818797971493
1.703703703703703	-1.377777777777778	41.52950797761331	10.90310161458503	0.4695975283759271
1.703703703703703	-1.525925925925926	39.45865859320528	10.07760325896157	0.1017476082421532
1.703703703703703	-1.674074074074074	37.84361764786382	9.618665737826738	0.5364019441443694
1.703703703703703	-1.822222222222222	35.84537996242584	8.695698264642676	0.7976495815180284
1.703703703703703	-1.97037037037037	34.99311413038041	8.845377018331565	1.032914028368326
1.703703703703703	-2.118518518518518	31.5553686922502	6.342949117203286	0.3019651926862774
1.703703703703703	-2.266666666666667	29.13660124180355	4.798851907170061	0.07148355141938517
1.703703703703703	-2.414814814814815	26.32986160867672	2.81147794744976	0.2198711812155859
1.703703703703703	-2.562962962962963	25.5851430801843	2.835599597563757	0.2682098343698143
1.703703703703703	-2.711111111111111	25.2329951298288	3.206047025309903	0.1936579520956052
1.703703703703703	-2.859259259259259	25.16689478947976	3.820137346338754	1.487139027459918
1.703703703703703	-3.007407407407408	22.66136531583794	1.955844220375695	0.1728439506456314
1.703703703703703	-3.155555555555555	21.1372442643188	1.037110717795056	0.4718516274797021
1.703703703703703	-3.303703703703703	20.33605518977476	0.808260358421613	0.195940483624672
1.703703703703703	-3.451851851851852	19.42825546102162	0.442279449305012	0.1339301419131006
1.703703703703703	-3.6	19.20679486145202	0.7344059788319157	0.1743768424499439
1.851851851851852	0.4	10.29332773682411	48.99636046339216	2.090749367796297
1.851851851851852	0.2518518518518519	39.97248345768945	16.04754644216487	0.9278925027827922
1.851851851851852	0.1037037037037037	42.91686247481895	10.06684408290578	2.493420021346351
1.851851851851852	-0.0444444444444444	56.5677455213052	6.395851825589517	0.3689802036137015
1.851851851851852	-0.1925925925925925	62.58274747828362	15.01005935823775	1.055169739105341
1.851851851851852	-0.3407407407407407	43.96010605425409	1.212297977613616	1.839608502146456
1.851851851851852	-0.4888888888888888	45.32541102297623	2.368848756197011	3.100336732542143
1.851851851851852	-0.637037037037037	43.98110047401987	3.070497905887166	9.788304999153063
1.851851851851852	-0.7851851851851851	44.29234614170209	5.271979236287955	0.6002141109176495
1.851851851851852	-0.9333333333333332	42.15130467010086	4.878899690951876	0.8462263045121986
1.851851851851852	-1.081481481481481	44.78035955558802	9.126211305706839	0.2749912371533625
1.851851851851852	-1.229629629629629	43.92265375761006	9.768662933004165	0.3187189736532717
1.851851851851852	-1.377777777777778	42.35789004620561	9.596582981479287	0.3424760407848779
1.851851851851852	-1.525925925925926	40.36341101358731	8.896982831645001	0.3140210569707441
1.851851851851852	-1.674074074074074	38.08838589254117	7.827792041590783	0.202569002610165
1.851851851851852	-1.822222222222222	37.68877851968197	8.55288849266654	0.1560494872115021
1.851851851851852	-1.97037037037037	36.05617812611537	7.970997581051517	0.1254695984755624
1.851851851851852	-2.118518518518518	34.29078900171097	7.188751539261897	0.2393618107010085
1.851851851851852	-2.266666666666667	33.82880541049894	7.648132149469561	0.5840268647187346
1.851851851851852	-2.414814814814815	31.88586453292827	6.569987784092188	0.4839701786850192
1.851851851851852	-2.562962962962963	30.06337439693113	5.560420756836326	0.5759552536670787
1.851851851851852	-2.711111111111111	27.4920963491895	3.754424124588013	1.276732052313373
1.851851851851852	-2.859259259259259	26.2727477316604	3.256533557085412	0.6239795491416442
1.851851851851852	-3.007407407407408	25.84573684450846	3.510606529696467	0.1938280967641775
1.851851851851852	-3.155555555555555	24.47153196860107	2.780230914055679	0.7185416280716195
1.851851851851852	-3.303703703703703	23.71871588475873	2.636814769943843	1.018319375689042
1.851851851851852	-3.451851851851852	22.94417934073021	2.439811179505476	0.4468241995716304
1.851851851851852	-3.6	21.48700401862126	1.530629065091652	0.4823341080014135
2	0.4	69.18065601708379	7.991449760056859	0.4353334098628305
2	0.2518518518518519	54.31026575594867	3.722516412180298	1.0641715758648
2	0.1037037037037037	50.16631034167511	4.912941695069634	0.4039382552468285
2	-0.0444444444444444	53.54210543843602	1.218222932611411	0.5395841602685233
2	-0.1925925925925925	56.8658747919961	7.106989121804595	1.054920177965482
2	-0.3407407407407407	63.34894064780114	15.97448748796401	0.6373400793556262
2	-0.4888888888888888	49.79370451808184	4.63410665923513	0.5589097663104442
2	-0.637037037037037	46.2421584201584	3.139355374251409	1.940882644304868
2	-0.7851851851851851	38.68013676217497	2.51236203585016	9.036410424198335
2	-0.9333333333333332	45.83630483111499	6.418910587646053	0.619987677767686
2	-1.081481481481481	44.28332030588744	6.516624580239835	0.5996128783273779
2	-1.229629629629629	42.26411109291806	6.033872674914932	0.2673249333232404
2	-1.377777777777778	42.55354014396153	7.75498547861956	0.6723547669857119
2	-1.525925925925926	42.85185938022248	9.388961695626442	0.1247284013859312
2	-1.674074074074074	40.13440574855614	7.919170791215123	0.3827148660140049
2	-1.822222222222222	37.90275071996166	6.85452872645315	0.2177898713580205
2	-1.97037037037037	36.92822705388325	6.973062844652191	0.1792831598000567
2	-2.118518518518518	36.14071315047249	7.210740760142734	0.4231980277895678
2	-2.266666666666667	34.74747038540032	6.780354879280935	0.9300074340981058
2	-2.414814814814815	33.26634950787312	6.204776122719878	0.6549240799945455
2	-2.562962962962963	33.04851153531381	6.839720672394467	0.3530975644064452
2	-2.711111111111111	32.07559504348923	6.670960668634269	0.3376131128412571
2	-2.859259259259259	30.68904433424409	6.043692807183941	0.1920127851461228
2	-3.007407407407408	28.35063889666848	4.42310501850125	1.0163349834345
2	-3.155555555555555	26.08162882470437	2.833545856179313	0.1690364658614015
2	-3.303703703703703	25.42154688883031	2.817367381570023	0.2898139930234382
2	-3.451851851851852	24.29242078926023	2.299165237208982	0.5186848921928792
2	-3.6	24.24882465046913	2.835855175597366	0.5578842999542823
