# X/m   Y/m  phi/deg phi_error/deg phi_std/deg
 0.00   0.75    -2.52     2.52     0.33      1.87     0.15
-0.25   0.75   -16.17     8.04     1.26      5.54     0.42
-0.50   0.75   -10.01     5.93     0.22      5.74     0.53
-0.75   0.75   -13.29     9.91     0.42     10.06     0.51
-1.00   0.75   -25.38     4.37     0.28      7.99     0.28
 0.00   0.00    -0.15     0.15     0.02      1.85     0.14
-0.25   0.00    -3.58     2.13     0.03      2.18     0.16
-0.50   0.00    -7.78     3.53     0.20      3.91     0.24
-0.75   0.00   -13.64     3.06     0.31      7.75     0.51
-1.00   0.00   -10.20    11.60     0.47      9.40     0.76
#-1.25   0.00     7.77    34.34     3.01    12.25     1.42
-1.25   0.00    -6.41    20.16              
-1.25   0.00    16.34    42.91              
 0.00  -0.75    -0.37     0.37     0.14     2.14     0.20 
-0.25  -0.75     4.98     9.38     1.48      4.65     0.23
-0.50  -0.75    -6.28     2.46     0.68      7.15     0.35
#-0.75  -0.75     2.01    15.00     8.29    19.73     1.25
-0.75  -0.75    -5.23     7.76              
-0.75  -0.75    39.75    52.75              
-1.00  -0.75   -17.87     0.76     0.57     11.66     1.15





















