# X/m   Y/m  phi/deg phi_error/deg phi_ci/deg std/deg std_ci/deg
 0.00   0.75    -0.34    -0.34     1.65     2.86     0.82
-0.25   0.75     2.79    10.92     3.05     5.61     1.74
-0.50   0.75   -11.81     4.14     1.11     3.20     1.31
-0.75   0.75   -25.24    -2.04     3.11     3.53     1.97
-1.00   0.75   -33.16    -3.42     1.72     3.80     1.78
 0.00   0.00     1.43     1.43     1.98     3.09     1.22
-0.25   0.00    -0.10     5.61     2.46     5.77     2.34
-0.50   0.00    -5.76     5.55     2.99     3.76     1.51
-0.75   0.00   -13.89     2.81     2.05     3.72     1.44
-1.00   0.00   -20.84     0.96     2.39     4.17     1.41
-1.25   0.00   -25.92     0.64     2.28     4.58     1.60
 0.00  -0.75     1.06     1.06     2.14     2.74     0.79
-0.25  -0.75    -0.41     3.99     2.07     3.99     1.42
-0.50  -0.75    -5.25     3.50     1.59     3.77     1.41
-0.75  -0.75    -9.58     3.41     1.84     3.43     0.89
-1.00  -0.75   -16.78     0.32     1.47     3.35     1.00
