# X/m   Y/m  phi/deg phi_error/deg phi_std/deg
 0.00   0.75     1.63     1.63     0.14      2.07     0.09
-0.25   0.75    -0.66     7.47     3.72     11.96     0.65
#-0.25   0.75    -7.04     1.09             
#-0.25   0.75    18.11    26.24             
-0.50   0.75   -14.66     1.29     0.23      3.43     0.12 
#-0.75   0.75   -30.19     6.99     2.52      7.57     0.64
-0.75   0.75   -17.62     5.58              
-0.75   0.75   -36.33   -13.13              
-1.00   0.75   -30.73     0.99     0.33      3.89     0.17 
 0.00   0.00     0.13     0.13     0.04      1.99     0.08
-0.25   0.00    -4.31     1.40     0.15      5.91     0.25
-0.50   0.00   -13.04     1.73     1.09      4.58     0.36
-0.75   0.00   -23.84     7.14     0.57      5.36     0.55
-1.00   0.00   -24.85     3.05     0.04      4.38     0.17
-1.25   0.00   -26.86     0.30     0.19      5.46     0.16
 0.00  -0.75    -0.12     0.12     0.04      1.94     0.07
-0.25  -0.75    -4.19     0.21     0.08      2.98     0.14
-0.50  -0.75   -13.69     4.94     0.29      3.68     0.31
-0.75  -0.75   -15.54     2.55     0.65      3.88     0.18
-1.00  -0.75   -21.44     4.34     0.18      5.01     0.20





















