# X/m   Y/m  phi/deg phi_error/deg phi_std/deg
 0.00   0.75     0.22     0.22     0.03     1.88     0.15
-0.25   0.75    -7.21     0.92     0.05     2.32     0.14
-0.50   0.75   -13.64     2.31     0.03     2.04     0.12
-0.75   0.75   -21.81     1.39     0.02     2.09     0.09
-1.00   0.75   -26.13     3.62     0.14     2.72     0.08
 0.00   0.00     0.18     0.18     0.02     2.05     0.10
-0.25   0.00    -4.49     1.22     0.02     1.86     0.08
-0.50   0.00   -10.39     0.92     0.06     2.10     0.09
-0.75   0.00   -15.85     0.85     0.03     2.55     0.07
-1.00   0.00   -20.80     1.00     0.06     2.85     0.10
-1.25   0.00   -25.12     1.45     0.03     3.46     0.24
 0.00  -0.75     0.20     0.20     0.03     2.08     0.11
-0.25  -0.75    -4.05     0.35     0.05     2.23     0.10
-0.50  -0.75    -8.20     0.55     0.06     2.12     0.09
-0.75  -0.75   -11.91     1.08     0.03     2.58     0.24
-1.00  -0.75   -16.58     0.52     0.05     2.99     0.27
