# X/m   Y/m  phi/deg phi_error/deg phi_ci/deg phi_std/deg phi_std_ci/deg
 0.00   0.75    -1.44     1.44     0.14      2.29     0.17
-0.25   0.75    -6.03     2.10     1.50     10.33     0.54
-0.50   0.75   -17.17     1.23     0.19      4.14     0.23
-0.75   0.75   -34.13    10.93     4.08      7.58     0.41
-1.00   0.75   -32.23     2.48     0.11      5.30     0.40
 0.00   0.00    -0.20     0.20     0.04      1.79     0.19
-0.25   0.00    -5.00     0.71     0.75      4.39     0.19
-0.50   0.00   -16.01     4.70     0.48      5.03     0.27
-0.75   0.00   -19.37     2.67     0.72      4.85     0.47
-1.00   0.00   -25.10     3.29     0.18      4.90     0.23
-1.25   0.00   -29.92     3.36     0.16      4.33     0.39
 0.00  -0.75    -0.09     0.09     0.02      1.79     0.11
-0.25  -0.75    -5.21     0.81     0.32      3.21     0.23
-0.50  -0.75   -10.68     1.93     0.64      3.92     0.40
-0.75  -0.75   -15.04     2.04     0.29      3.75     0.18
-1.00  -0.75   -19.03     1.93     0.13      4.02     0.32
