# X/m   Y/m  phi/deg phi_error/deg phi_ci/deg phi_std/deg phi_std_ci/deg
 0.00   0.75     3.90   183.90     0.43      1.99     0.14
-0.25   0.75    51.12   186.12     0.53      3.46     0.44
-0.50   0.75    63.11   179.67     0.71      3.61     0.42
-0.75   0.75    60.85   169.28     1.02      9.51     1.28
-1.00   0.75    37.66   141.70     0.77      9.66     0.87
 0.00   0.00     0.59     0.59     0.05      2.33     0.20
-0.25   0.00   -30.35     3.78     0.30      6.00     0.92
-0.50   0.00   -45.56     0.56     0.08      5.37     0.31
-0.75   0.00   -54.56     1.75     0.05      6.74     0.28
-1.00   0.00   -58.73     4.71     0.15     11.10     0.38
-1.25   0.00   -61.87     6.33     0.16     10.38     0.23
 0.00  -0.75     0.18     0.18     0.02      2.26     0.20
-0.25  -0.75   -11.79     0.48     0.05      4.03     0.18
-0.50  -0.75   -22.92     1.11     0.20      3.88     0.43
-0.75  -0.75   -33.04     2.07     0.05      7.45     0.73
-1.00  -0.75   -40.39     1.73     0.07      8.39     1.11
