# X/m   Y/m  phi/deg phi_error/deg phi_error_ci/deg phi_std/deg phi_std_ci/deg
 0.00  -1.50    -0.16     0.16     0.04     2.16     0.18
-0.25  -1.50    -5.69     0.03     0.05     2.32     0.12
-0.50  -1.50   -11.79     0.48     0.08     2.86     0.12
-0.75  -1.50   -16.69     0.01     0.09     2.59     0.17
-1.00  -1.50   -21.69     0.11     0.13     2.58     0.28
-1.25  -1.50   -25.40     1.16     0.06     2.82     0.13
-1.50  -1.50   -29.36     1.60     0.04     3.19     0.26
-1.75  -1.50   -33.23     1.76     0.05     3.11     0.11
 0.00  -2.00    -0.15     0.15     0.04     2.10     0.22
-0.25  -2.00    -5.12     0.36     0.03     2.22     0.13
-0.50  -2.00    -9.45     0.01     0.13     2.39     0.17
-0.75  -2.00   -14.16     0.13     0.11     2.60     0.25
-1.00  -2.00   -18.42     0.01     0.10     2.70     0.15
-1.25  -2.00   -21.71     0.91     0.07     2.76     0.14
-1.50  -2.00   -25.23     1.33     0.05     2.63     0.13
-1.75  -2.00   -28.67     1.59     0.06     2.77     0.12
