# X/m   Y/m  phi/deg phi_error/deg phi_ci/deg phi_std/deg phi_std_ci/deg
 0.00   0.75    -3.23   176.77     0.39      2.24     0.18
-0.25   0.75    41.57   176.57     0.11      6.81     0.20
-0.50   0.75    50.05   166.61     2.19     11.25     0.91
-0.75   0.75    46.26   154.70     1.36      8.70     0.33
-1.00   0.75    85.18   189.21     1.34      8.90     0.67
 0.00   0.00    -0.64     0.64     0.12      2.49     0.22
-0.25   0.00   -32.41     5.84     0.14      7.98     0.55
#-0.50   0.00    11.25    56.25    11.96    17.61     1.04
-0.50   0.00   -32.37    12.63              
-0.50   0.00    21.84    66.84              
#-0.75   0.00    22.66    78.97     5.31    22.24     1.37
-0.75   0.00   -11.05    45.26              
-0.75   0.00    31.93    88.24              
#-1.00   0.00    11.63    75.06     3.02    14.69     1.05
-1.00   0.00    20.34    83.78              
-1.00   0.00     4.47    67.91              
-1.25   0.00    -2.89    65.31     1.31      9.60     0.53 
 0.00  -0.75    -0.44     0.44     0.08      2.28     0.18
-0.25  -0.75     0.32    11.63     0.29      7.54     0.52
-0.50  -0.75     2.38    24.19     0.84     10.03     0.39
-0.75  -0.75     5.59    36.55     1.27     11.31     0.49
-1.00  -0.75   -10.16    28.50     1.27     13.02     0.29























