# X/m   Y/m  phi/deg phi_error/deg phi_ci/deg phi_std/deg phi_std_ci/deg
 0.00   0.75     0.33     0.33     0.01     2.47     0.21
-0.25   0.75     1.00     1.00     0.22     3.00     0.26
-0.50   0.75     0.90     0.90     0.04     2.47     0.18
-0.75   0.75     0.42     0.42     0.08     2.38     0.20
-1.00   0.75     2.19     2.19     0.20     2.47     0.20
 0.00   0.00     0.22     0.22     0.02     2.10     0.15
-0.25   0.00    -0.14     0.14     0.06     2.20     0.13
-0.50   0.00     0.19     0.19     0.09     2.11     0.13
-0.75   0.00     0.90     0.90     0.11     2.17     0.14
-1.00   0.00     5.04     5.04     0.06     2.38     0.12
-1.25   0.00     1.77     1.77     0.03     2.47     0.12
 0.00  -0.75     0.10     0.10     0.01     2.11     0.13
-0.25  -0.75     0.46     0.46     0.03     2.35     0.16
-0.50  -0.75     0.93     0.93     0.02     2.30     0.17
-0.75  -0.75     3.77     3.77     0.14     2.36     0.14
-1.00  -0.75     2.95     2.95     0.05     2.48     0.15
