# X/m   Y/m  phi/deg phi_error/deg phi_ci/deg std/deg std_ci/deg
 0.00   0.75    -0.71    -0.71     1.26     2.63     0.73
-0.25   0.75    -5.68     2.45     1.43     3.37     1.03
-0.50   0.75   -17.60    -1.65     0.53     2.86     0.62
-0.75   0.75   -19.70     3.50     1.79     2.48     0.71
-1.00   0.75   -29.45     0.29     1.73     3.52     1.02
 0.00   0.00     0.62     0.62     0.97     2.23     0.52
-0.25   0.00    -3.01     2.70     0.93     2.66     1.01
-0.50   0.00   -15.28    -3.97     1.24     2.93     0.91
-0.75   0.00   -15.51     1.19     2.00     2.79     0.98
-1.00   0.00   -19.74     2.06     2.05     2.86     1.51
-1.25   0.00   -27.32    -0.76     2.63     2.55     0.97
 0.00  -0.75    -0.14    -0.14     1.88     2.48     0.82
-0.25  -0.75    -1.77     2.63     0.94     3.29     1.25
-0.50  -0.75    -7.37     1.37     1.43     2.45     0.85
-0.75  -0.75   -13.94    -0.95     1.36     2.88     0.86
-1.00  -0.75   -18.80    -1.70     1.52     2.74     1.00
