# X/m   Y/m  phi/deg phi_error/deg phi_error_ci/deg phi_std/deg phi_std_ci/deg
 0.00  -1.50     0.37     0.37     0.14     2.49     0.27
-0.25  -1.50    -9.22     3.51     0.39     8.26     0.41
-0.50  -1.50   -19.83     8.52     0.37     7.60     0.30
-0.75  -1.50   -24.98     8.28     0.43     7.02     0.40
-1.00  -1.50   -32.61    10.81     0.60     8.51     0.57
-1.25  -1.50   -36.39     9.82     0.83     8.86     0.53
-1.50  -1.50   -37.88     6.91     0.35     5.28     0.34
-1.75  -1.50   -34.49     0.50     0.08     4.87     0.28
 0.00  -2.00     0.44     0.44     0.13     2.76     0.26
-0.25  -2.00    -6.29     1.53     1.31     6.18     0.28
-0.50  -2.00   -12.81     3.35     0.32     5.15     0.35
-0.75  -2.00   -17.23     3.19     0.39     7.33     0.37
-1.00  -2.00   -26.81     8.37     0.37     6.27     0.34
-1.25  -2.00   -29.79     7.17     0.30     6.95     0.50
-1.50  -2.00   -41.27    14.71     0.28     8.08     0.60
-1.75  -2.00   -35.75     5.49     0.13     5.41     0.44
