# X/m   Y/m  phi/deg phi_error/deg phi_ci/deg phi_std/deg phi_std_ci/deg
 0.00   0.75     0.13     0.13     0.06     2.33     0.15
-0.25   0.75    -7.35     0.78     0.13     3.21     0.31
-0.50   0.75   -14.83     1.12     0.05     3.27     0.33
-0.75   0.75   -20.42     2.78     0.05     2.10     0.14
-1.00   0.75   -26.35     3.40     0.08     2.52     0.17
 0.00   0.00     0.15     0.15     0.02     2.19     0.14
-0.25   0.00    -5.06     0.66     0.02     2.05     0.13
-0.50   0.00   -10.86     0.45     0.01     2.13     0.18
-0.75   0.00   -14.91     1.79     0.04     2.21     0.14
-1.00   0.00   -19.59     2.21     0.07     3.09     0.25
-1.25   0.00   -25.13     1.43     0.03     2.86     0.21
 0.00  -0.75     0.14     0.14     0.01     2.19     0.19
-0.25  -0.75    -4.26     0.14     0.02     2.21     0.19
-0.50  -0.75    -8.57     0.18     0.04     2.03     0.17
-0.75  -0.75   -11.41     1.58     0.02     2.13     0.14
-1.00  -0.75   -15.66     1.44     0.03     2.50     0.19
