# X/m   Y/m  phi/deg phi_error/deg phi_ci/deg phi_std/deg phi_std_ci/deg
 0.00   0.75     1.26   181.26     0.51      1.88     0.10
-0.25   0.75    41.08   176.08     0.32      5.72     0.82
-0.50   0.75    54.56   171.13     0.29     10.08     0.86
-0.75   0.75    63.88   172.31     1.09      4.40     0.23
-1.00   0.75    55.72   159.75     0.70      9.02     0.57
 0.00   0.00     0.55     0.55     0.04      2.36     0.19
-0.25   0.00   -28.64     2.08     0.04      7.62     1.08
-0.50   0.00   -47.27     2.27     0.20      7.37     0.45
#-0.75   0.00   -10.03    46.28     3.66    22.47     1.75
-0.75   0.00    16.68    72.99              
-0.75   0.00   -39.14    17.17              
#-1.00   0.00   -23.64    39.79     2.27    18.63     1.11
-1.00   0.00    -2.26    61.17              
-1.00   0.00   -34.91    28.52              
-1.25   0.00   -21.76    46.44     2.58     14.42     1.17
 0.00  -0.75    -0.24     0.24     0.04      2.46     0.14
-0.25  -0.75   -12.61     1.30     0.06      6.13     0.32
-0.50  -0.75   -23.96     2.16     0.07      7.78     0.35
-0.75  -0.75   -31.39     0.43     0.84     10.86     0.38
-1.00  -0.75   -37.98     0.68     0.38      9.87     0.29





















