# X/m   Y/m  phi/deg phi_error/deg phi_ci/deg std/deg std_ci/deg
 0.00  -1.50    -0.80    -0.80     1.57     2.42     0.83
-0.25  -1.50    -8.74    -3.03     1.52     2.59     0.50
-0.50  -1.50   -18.25    -6.94     1.43     1.87     0.57
-0.75  -1.50   -25.92    -9.22     1.29     2.67     0.77
-1.00  -1.50   -32.79   -10.99     2.14     2.25     0.64
-1.25  -1.50   -38.97   -12.40     2.53     2.22     0.82
-1.50  -1.50   -41.03   -10.07     3.24     2.80     0.94
-1.75  -1.50   -35.10    -0.11     2.56     2.86     1.24


 0.00  -2.00    -0.48    -0.48     0.75     2.10     0.42
-0.25  -2.00    -6.70    -1.94     0.80     1.85     0.65
-0.50  -2.00   -13.46    -4.00     1.41     1.60     0.42
-0.75  -2.00   -19.36    -5.32     2.04     1.91     0.68
-1.00  -2.00   -25.61    -7.18     2.09     2.05     0.49
-1.25  -2.00   -32.13    -9.51     2.10     2.05     0.47
-1.50  -2.00   -36.95   -10.38     2.07     1.77     0.35
-1.75  -2.00   -38.87    -8.61     2.05     1.91     0.43
