# Data file generated by gp_save.m
# 
-18.27872896905237
-17.17872896905238
-8.128728969052375
-20.62872896905237
-21.19872896905238
-10.43172896905237
-14.90172896905237
-13.67172896905237
-14.92172896905237
-12.94172896905237
-17.99472896905237
-18.52472896905238
-17.49472896905237
-17.86472896905237
-20.74472896905237
-7.796728969052372
-13.55672896905237
-20.29672896905237
-17.16672896905237
-14.46672896905237
-15.56572896905237
-16.27572896905237
-19.08572896905238
-11.07572896905237
-17.13572896905237
-19.69272896905238
-26.60272896905237
-22.09272896905237
-12.66272896905237
-18.22272896905237
-13.78272896905237
-13.92272896905238
-17.81272896905238
-16.90272896905238
-13.80272896905237
-17.15572896905237
-19.54572896905237
-22.57572896905237
-21.84572896905237
-16.12572896905237
-20.42172896905237
-13.11172896905237
-21.89172896905237
-17.18172896905237
-12.38172896905237
