# X/m   Y/m  phi/deg phi_error/deg phi_ci/deg std/deg std_ci/deg
 0.00   0.75    -0.96    -0.96     0.97     3.12     1.05
-0.25   0.75    -9.55    -9.55     1.80     4.51     1.26
-0.50   0.75   -12.89   -12.89     3.51     6.36     2.22
-0.75   0.75   -15.41   -15.41     6.98     8.00     3.16
# results corrected for two directions, see results_nfchoa_pw_two_directions.m
#-1.00   0.75   -21.29   -21.29    11.49    11.96     5.08
-1.00   0.75    -1.56    -1.56
-1.00   0.75   -39.50   -39.50
 0.00   0.00    -0.25    -0.25     1.69     3.65     0.76
-0.25   0.00    -2.35    -2.35     2.48     2.80     0.55
-0.50   0.00    -5.22    -5.22     2.59     3.68     1.91
-0.75   0.00   -12.46   -12.46     4.82     4.60     1.16
-1.00   0.00   -17.64   -17.64     5.49     4.88     1.54
# results corrected for two directions, see results_nfchoa_pw_two_directions.m
#-1.25   0.00   -21.65   -21.65     7.41    10.19     5.51
-1.25   0.00     3.91     3.91
-1.25   0.00   -29.72   -29.72
 0.00  -0.75    -1.49    -1.49     1.93     3.45     1.07
-0.25  -0.75    -2.73    -2.73     2.03     3.78     0.90
-0.50  -0.75    -6.47    -6.47     3.12     3.71     1.29
-0.75  -0.75   -11.51   -11.51     2.32     3.21     0.68
-1.00  -0.75   -14.48   -14.48     3.05     4.07     1.86
