# X/m   Y/m  phi/deg phi_error/deg phi_std/deg
 0.00   0.75     0.28     0.28     0.02     2.11     0.11
-0.25   0.75     1.56     1.56     0.03     2.04     0.11
-0.50   0.75     3.01     3.01     0.13     2.06     0.14
-0.75   0.75     1.83     1.83     0.16     4.10     0.45
-1.00   0.75     3.88     3.88     0.08     4.31     0.26
 0.00   0.00     0.23     0.23     0.02     1.97     0.11
-0.25   0.00     2.22     2.22     0.10     2.11     0.10
-0.50   0.00     1.18     1.18     0.06     2.13     0.13
-0.75   0.00     1.55     1.55     0.02     2.12     0.11
-1.00   0.00     3.04     3.04     0.09     3.34     0.39
-1.25   0.00     5.22     5.22     0.12     2.50     0.08
 0.00  -0.75     0.22     0.22     0.02     2.50     0.24
-0.25  -0.75     1.49     1.49     0.04     2.25     0.10
-0.50  -0.75     1.95     1.95     0.05     2.22     0.19
-0.75  -0.75     1.44     1.44     0.06     2.31     0.21
-1.00  -0.75     2.45     2.45     0.07     3.70     0.17
