# X/m   Y/m  phi/deg phi_error/deg phi_std/deg
 0.00   0.75     0.18     0.18     0.06     1.88     0.14
-0.25   0.75    -6.73     1.40     0.06     2.26     0.17
-0.50   0.75   -14.69     1.25     0.29     2.89     0.20
-0.75   0.75   -21.16     2.04     0.10     3.58     0.40
-1.00   0.75   -21.17     8.58     0.13     3.90     0.30
 0.00   0.00     0.14     0.14     0.04     2.07     0.15
-0.25   0.00    -4.51     1.20     0.03     1.93     0.15
-0.50   0.00   -10.21     1.10     0.07     2.11     0.11
-0.75   0.00   -14.81     1.89     0.12     3.10     0.16
-1.00   0.00   -19.41     2.39     0.08     4.40     0.30
-1.25   0.00   -26.91     0.34     0.36     6.32     0.57
 0.00  -0.75    -0.07     0.07     0.05     2.00     0.12
-0.25  -0.75    -4.11     0.29     0.03     2.73     0.12
-0.50  -0.75    -7.96     0.79     0.06     2.93     0.14
-0.75  -0.75   -11.68     1.31     0.10     3.26     0.21
-1.00  -0.75   -16.80     0.30     0.11     3.63     0.28
