# X/m   Y/m  phi/deg phi_error/deg phi_ci/deg std/deg std_ci/deg
 0.00   0.75    -0.24    -0.24     1.51     3.21     0.92
-0.25   0.75   -12.70    -4.57     0.94     3.46     1.69
-0.50   0.75   -24.58    -8.63     2.37     3.98     1.39
-0.75   0.75   -36.01   -12.81     3.73     4.06     1.88
-1.00   0.75   -43.88   -14.13     4.31     4.33     1.23
 0.00   0.00     1.75     1.75     1.46     2.03     0.64
-0.25   0.00    -5.95    -0.24     1.68     3.29     1.02
-0.50   0.00   -13.62    -2.31     1.82     2.57     0.63
-0.75   0.00   -20.62    -3.93     2.88     3.67     1.12
-1.00   0.00   -30.41    -8.61     2.95     3.78     0.98
-1.25   0.00   -35.04    -8.47     3.30     3.67     1.62
 0.00  -0.75     0.12     0.12     2.06     3.77     0.69
-0.25  -0.75    -4.14     0.25     1.63     2.83     1.17
-0.50  -0.75    -7.67     1.07     2.16     4.33     1.60
-0.75  -0.75   -14.69    -1.69     2.12     2.81     1.30
-1.00  -0.75   -20.88    -3.78     0.64     3.63     1.05
