# X/m   Y/m  phi/deg phi_error/deg phi_std/deg
 0.00   0.75     3.16     3.16     0.27      2.85     0.24
-0.25   0.75     5.36     5.36     1.15     11.16     1.35
-0.50   0.75     9.66     9.66     0.50     11.04     1.00
-0.75   0.75     8.91     8.91     0.34      6.75     0.72
-1.00   0.75   -11.62    11.62     0.38      8.57     0.72
 0.00   0.00     0.49     0.49     0.04      2.56     0.19
-0.25   0.00     2.07     2.07     1.89      7.72     0.73
-0.50   0.00     7.30     7.30     0.85      7.46     0.61
-0.75   0.00    14.15    14.15     0.70      7.27     0.63
-1.00   0.00    10.89    10.89     1.45      6.72     0.40
-1.25   0.00   -12.25    12.25     0.46      5.55     0.32
 0.00  -0.75    -0.20     0.20     0.04      2.26     0.21
-0.25  -0.75     1.54     1.54     0.04      3.88     0.22
-0.50  -0.75    11.37    11.37     0.30      5.92     0.27
-0.75  -0.75     2.43     2.43     0.76      5.08     0.28
-1.00  -0.75    -1.21     1.21     0.74      5.60     0.34
