# X/m   Y/m  phi/deg phi_error/deg phi_std/deg
 0.00   0.75     0.13     0.13     0.08     1.96     0.09
-0.25   0.75     1.56     1.56     0.02     2.56     0.09
-0.50   0.75     3.17     3.17     0.07     3.00     0.18
-0.75   0.75     3.43     3.43     0.24     3.36     0.26
-1.00   0.75     8.39     8.39     0.19     4.29     0.43
 0.00   0.00     0.22     0.22     0.03     2.08     0.09
-0.25   0.00     2.09     2.09     0.11     2.03     0.12
-0.50   0.00     1.61     1.61     0.05     2.17     0.11
-0.75   0.00     3.80     3.80     0.14     3.64     0.21
-1.00   0.00     4.22     4.22     0.09     4.12     0.09
-1.25   0.00    11.43    11.43     0.20     4.42     0.44
 0.00  -0.75    -0.19     0.19     0.04     2.36     0.12
-0.25  -0.75     1.80     1.80     0.06     2.89     0.17
-0.50  -0.75     2.86     2.86     0.02     3.18     0.12
-0.75  -0.75     2.26     2.26     0.18     3.97     0.22
-1.00  -0.75     5.25     5.25     0.32     4.24     0.28
