# X/m   Y/m  phi/deg phi_error/deg phi_ci/deg std/deg std_ci/deg
 0.00   0.75    -0.15    -0.15     1.14     3.18     1.26
-0.25   0.75    -0.70    -0.70     1.70     3.00     1.31
-0.50   0.75    -2.32    -2.32     1.12     5.74     2.11
-0.75   0.75   -14.47   -14.47     5.73     6.39     3.27
-1.00   0.75   -14.62   -14.62     8.25     5.39     1.36
 0.00   0.00    -1.01    -1.01     1.99     3.67     0.95
-0.25   0.00    -0.60    -0.60     2.19     2.47     0.74
-0.50   0.00    -5.48    -5.48     1.93     4.34     1.69
-0.75   0.00    -5.84    -5.84     3.54     4.25     2.38
-1.00   0.00    -4.65    -4.65     3.36     5.69     1.43
-1.25   0.00    -6.52    -6.52     5.88     6.49     3.22
 0.00  -0.75    -1.19    -1.19     0.72     3.51     1.23
-0.25  -0.75    -1.93    -1.93     2.11     3.26     0.47
-0.50  -0.75    -5.59    -5.59     1.50     4.07     1.45
-0.75  -0.75    -8.25    -8.25     2.15     4.32     1.38
-1.00  -0.75    -7.58    -7.58     2.18     5.50     1.93
