# X/m   Y/m  phi/deg phi_error/deg phi_std/deg
 0.00   0.75    -1.15     1.15     0.79      2.10     0.16
-0.25   0.75     7.21     7.21     0.88      5.36     0.27
-0.50   0.75     7.06     7.06     0.58      5.56     0.54
#-0.75   0.75   -12.85    12.85     3.76     7.74     0.63
-0.75   0.75    -0.68    -0.68              
-0.75   0.75   -23.86   -23.86              
-1.00   0.75    -4.94     4.94     1.92     5.14     0.33 
 0.00   0.00    -0.23     0.23     0.03      1.79     0.07
-0.25   0.00     3.80     3.80     0.04      2.24     0.17
-0.50   0.00     7.33     7.33     0.14      3.49     0.15
-0.75   0.00     9.46     9.46     0.29      4.58     0.38
-1.00   0.00    16.00    16.00     3.17      6.22     0.61
-1.25   0.00    24.47    24.47     1.93     12.11     1.03
 0.00  -0.75    -0.33     0.33     0.11      1.88     0.17
-0.25  -0.75    12.25    12.25     0.99      4.68     0.40
-0.50  -0.75     5.79     5.79     1.70      7.05     0.60
-0.75  -0.75    32.98    32.98     2.04     11.96     1.33
#-1.00  -0.75    19.78    19.78     3.86    10.56     0.91
-1.00  -0.75    22.00    22.00
-1.00  -0.75   -16.40   -16.40



















