# X/m   Y/m  phi/deg phi_error/deg phi_ci/deg std/deg std_ci/deg
 0.00  -1.50    -0.29    -0.29     2.49     2.05     0.63
-0.25  -1.50    -8.73    -3.02     1.62     2.29     0.43
-0.50  -1.50    -9.03     2.28     2.01     2.03     0.35
-0.75  -1.50   -15.08     1.62     2.97     2.34     0.66
-1.00  -1.50   -22.87    -1.07     1.47     2.42     0.56
-1.25  -1.50   -31.35    -4.78     1.34     2.36     0.90
-1.50  -1.50   -31.21    -0.25     1.16     2.14     0.64
-1.75  -1.50   -36.55    -1.56     1.28     2.45     0.76


 0.00  -2.00    -0.45    -0.45     1.84     2.32     1.31
-0.25  -2.00    -6.03    -1.27     1.32     2.66     0.66
-0.50  -2.00   -10.02    -0.56     1.24     2.04     0.58
-0.75  -2.00   -13.30     0.74     1.95     2.39     0.41
-1.00  -2.00   -19.23    -0.80     1.23     2.28     0.53
-1.25  -2.00   -25.35    -2.73     1.54     2.27     0.76
-1.50  -2.00   -30.51    -3.94     1.29     2.32     0.66
-1.75  -2.00   -31.94    -1.68     1.27     1.69     0.34
