# X/m   Y/m  phi/deg phi_error/deg phi_error_ci/deg phi_std/deg phi_std_ci/deg
 0.00  -1.50    -0.86     0.86     0.05     3.23     0.23
-0.25  -1.50   -11.35     5.64     1.50     4.82     0.28
-0.50  -1.50   -11.71     0.40     0.06     3.40     0.12
-0.75  -1.50   -17.11     0.41     0.26     5.45     0.50
-1.00  -1.50   -23.41     1.61     0.19     4.72     0.12
-1.25  -1.50   -27.27     0.70     1.13     5.60     0.31
-1.50  -1.50   -30.64     0.32     0.23     4.50     0.23
-1.75  -1.50   -36.48     1.49     0.78     4.25     0.34
 0.00  -2.00    -0.30     0.30     0.05     3.00     0.24
-0.25  -2.00    -6.52     1.76     0.18     5.28     0.36
-0.50  -2.00   -12.72     3.26     0.05     3.06     0.16
-0.75  -2.00   -14.34     0.30     0.11     5.55     0.24
-1.00  -2.00   -19.31     0.88     0.19     4.08     0.19
-1.25  -2.00   -23.86     1.24     0.31     4.82     0.31
-1.50  -2.00   -27.02     0.45     0.95     4.50     0.27
-1.75  -2.00   -34.15     3.89     0.68     3.16     0.25
