# X/m   Y/m  phi/deg phi_error/deg phi_ci/deg phi_std/deg phi_std_ci/deg
 0.00   0.75    -2.11     2.11     0.28      2.67     0.18
-0.25   0.75     7.25     7.25     0.63      5.88     0.35
-0.50   0.75     8.50     8.50     0.41     10.50     1.35
-0.75   0.75     3.31     3.31     0.56      7.25     0.57
-1.00   0.75   -16.41    16.41     1.15     10.11     0.79
 0.00   0.00    -0.39     0.39     0.06      1.92     0.16
-0.25   0.00    -0.15     0.15     0.16      6.46     0.54
-0.50   0.00     1.66     1.66     1.06      7.59     0.52
-0.75   0.00    -2.25     2.25     0.65      5.86     0.53
-1.00   0.00    -1.47     1.47     0.40      7.69     0.43
-1.25   0.00    -9.19     9.19     0.52      7.83     0.42
 0.00  -0.75    -0.24     0.24     0.05      2.08     0.16
-0.25  -0.75     1.68     1.68     0.08      4.08     0.32
-0.50  -0.75     3.22     3.22     0.16      4.73     0.20
-0.75  -0.75    -2.45     2.45     0.82      4.33     0.46
-1.00  -0.75    -0.26     0.26     0.27      4.31     0.16
