# X/m   Y/m  phi/deg phi_error/deg phi_ci/deg std/deg std_ci/deg
 0.00  -1.50    -0.30    -0.30     2.04     2.49     0.66
-0.25  -1.50    -5.53     0.18     1.62     2.72     1.18
-0.50  -1.50   -11.29     0.02     1.67     3.48     2.24
-0.75  -1.50   -14.98     1.72     1.40     1.94     0.60
-1.00  -1.50   -21.35     0.45     1.16     3.06     1.42
-1.25  -1.50   -25.62     0.95     1.34     2.23     0.63
-1.50  -1.50   -30.97    -0.01     1.19     2.15     0.66
-1.75  -1.50   -34.71     0.28     1.91     2.22     0.48


 0.00  -2.00     0.13     0.13     1.22     2.09     0.72
-0.25  -2.00    -4.43     0.33     0.97     2.28     0.78
-0.50  -2.00    -8.53     0.93     1.01     2.11     0.61
-0.75  -2.00   -15.06    -1.02     1.34     2.54     0.91
-1.00  -2.00   -19.51    -1.08     1.53     2.46     0.79
-1.25  -2.00   -23.12    -0.50     1.20     2.28     0.61
-1.50  -2.00   -26.78    -0.21     1.30     2.34     0.88
-1.75  -2.00   -29.88     0.38     1.91     2.63     0.80
