# X/m   Y/m  phi/deg phi_error/deg phi_ci/deg phi_std/deg phi_std_ci/deg
 0.00   0.75     0.19     0.19     0.05     2.00     0.12
-0.25   0.75    -6.83     1.30     0.12     3.42     0.25
-0.50   0.75   -16.70     0.76     0.33     3.39     0.26
-0.75   0.75   -17.37     5.83     0.09     4.00     0.25
-1.00   0.75   -28.69     1.05     0.10     4.29     0.29
 0.00   0.00     0.04     0.04     0.06     2.14     0.24
-0.25   0.00    -5.79     0.07     0.41     3.02     0.28
-0.50   0.00   -11.38     0.07     0.24     2.98     0.28
-0.75   0.00   -14.53     2.17     0.06     3.60     0.23
-1.00   0.00   -20.07     1.73     0.07     3.00     0.15
-1.25   0.00   -25.53     1.03     0.09     3.86     0.28
 0.00  -0.75    -0.00     0.00     0.07     2.34     0.19
-0.25  -0.75    -4.50     0.10     0.03     2.64     0.18
-0.50  -0.75    -8.17     0.58     0.05     3.41     0.29
-0.75  -0.75   -11.33     1.67     0.06     2.81     0.20
-1.00  -0.75   -15.55     1.55     0.06     2.99     0.17
