# X/m   Y/m  phi/deg phi_error/deg phi_ci/deg phi_std/deg phi_std_ci/deg
 0.00   0.75     0.16     0.16     0.07     2.18     0.16
-0.25   0.75     1.18     1.18     0.11     4.29     0.56
-0.50   0.75     1.23     1.23     0.03     5.39     0.44
-0.75   0.75     3.80     3.80     0.40     5.47     0.40
-1.00   0.75     8.40     8.40     0.16     5.59     0.36
 0.00   0.00     0.19     0.19     0.04     2.45     0.16
-0.25   0.00     0.46     0.46     0.08     3.07     0.22
-0.50   0.00     1.65     1.65     0.38     2.99     0.24
-0.75   0.00     3.08     3.08     0.14     3.42     0.21
-1.00   0.00     4.94     4.94     0.11     3.89     0.29
-1.25   0.00    -3.26     3.26     2.10     5.28     0.84
 0.00  -0.75    -0.01     0.01     0.07     2.21     0.16
-0.25  -0.75     0.03     0.03     0.02     2.83     0.31
-0.50  -0.75     2.80     2.80     0.01     2.72     0.15
-0.75  -0.75     4.02     4.02     0.10     2.75     0.25
-1.00  -0.75     1.77     1.77     0.03     3.10     0.22
