# index 0
# with compensation different positions   WFS 56
# speech
-0.25   0.00  0.3872711401  0.242183727
-0.50   0.00  0.4127855434  0.2858246835
-0.75   0.00  0.4763300797  0.235669331
-1.00   0.00  0.3956058906  0.2435786274
-1.25   0.00  0.1732929746  0.275802878
-0.25  -0.50  -0.056171139  0.2789165418
-0.50  -0.50  0.4069596073  0.2351790804
-0.75  -0.50  0.3666349239  0.275516099
-1.00  -0.50  0.4841886882  0.1759558064
-1.25  -0.50  0.2049722817  0.2831407959
# hiddenref
 0.00   0.00  0.9719008264  0.0254817214


# index 1
# with compensation different positions   WFS 56
# music
-0.25   0.00   -0.081372649   0.301226681
-0.50   0.00   0.0101225499   0.2655360606
-0.75   0.00   0.0668457867   0.2450864186
-1.00   0.00   -0.247179993   0.2898059242
-1.25   0.00  -0.1606684125   0.2780659058
-0.25  -0.50  -0.4251414255   0.2357972525
-0.50  -0.50  -0.0361697786   0.2273314515
-0.75  -0.50  -0.0684351937   0.2389909848
-1.00  -0.50   0.1302021336   0.1984332024
-1.25  -0.50  -0.2804827172   0.2309572296
#hiddenref
 0.00   0.00   0.9300275482   0.1030732264


# index 2
# with compensation different positions   WFS 56
# noise
-0.25   0.00    0.087154372   0.2561632999
-0.50   0.00    0.158094979   0.2570951486
-0.75   0.00   0.1065832285   0.2661170313
-1.00   0.00   0.1919849448   0.2196989872
-1.25   0.00  -0.0823237992   0.3121039757
-0.25  -0.50   -0.517296421   0.2186420878
-0.50  -0.50   0.1645206271   0.2542884515
-0.75  -0.50   0.0980217438   0.2235203266
-1.00  -0.50   0.1653448061   0.3022752632
-1.25  -0.50    0.131662302   0.2286376863
#hiddenref
 0.00   0.00   0.9906336088   0.0141192492
