# Data file generated by gp_save.m
# 
1.172747223702045	0.9352347027881003	-2.468394227820552	0.2499999999999999
0.9352347027881004	1.172747223702045	-2.243994752564138	1
0.6508256086763373	1.351453301853629	-2.019595277307724	1
0.3337814009344717	1.462391868272735	-1.79519580205131	1
9.184850993605148e-17	1.5	-1.570796326794897	1
-0.3337814009344715	1.462391868272735	-1.346396851538483	1
-0.6508256086763371	1.351453301853629	-1.121997376282069	1
-0.9352347027881003	1.172747223702045	-0.8975979010256553	1
-1.172747223702045	0.9352347027881004	-0.6731984257692415	0.2500000000000001
