# X/m   Y/m  phi/deg phi_error/deg phi_ci/deg
 0.00  -0.75    -1.04    -1.04     0.91
-0.25  -0.75    -0.68    -0.68     0.64
-0.50  -0.75    -5.73    -5.73     2.51
-0.75  -0.75    -9.84    -9.84     8.30
-1.00  -0.75    -9.20    -9.20     5.08


 0.00   0.00    -1.14    -1.14     1.13
-0.25   0.00    -1.27    -1.27     1.96
-0.50   0.00    -5.27    -5.27     6.10
-0.75   0.00    -4.37    -4.37     7.23
-1.00   0.00    -5.17    -5.17     7.87
-1.25   0.00    12.17    12.17     7.14


 0.00   0.75    -1.14    -1.14     0.94
-0.25   0.75    -1.75    -1.75     3.65
-0.50   0.75    -3.91    -3.91     5.92
-0.75   0.75    -1.17    -1.17    10.04
-1.00   0.75     7.53     7.53     4.38


