# X/m   Y/m  phi/deg phi_error/deg phi_ci/deg
 0.00  -0.75     1.42     1.42     1.18
-0.25  -0.75    -4.43    -4.43     3.05
-0.50  -0.75   -10.07   -10.07     1.20
-0.75  -0.75   -16.80   -16.80     1.18
-1.00  -0.75   -16.26   -16.26     6.21


 0.00   0.00    -1.13    -1.13     0.43
-0.25   0.00    -4.20    -4.20     0.60
-0.50   0.00    -5.02    -5.02     4.46
-0.75   0.00    -9.25    -9.25     7.33
-1.00   0.00   -25.64   -25.64     3.90
#-1.25   0.00    28.89    28.89    40.65
-1.25   0.00    47.88    47.88     0.00
-1.25   0.00    -9.08    -9.08     0.00


 0.00   0.75    -0.85    -0.85     1.49
-0.25   0.75    -7.38    -7.38     4.15
-0.50   0.75    -2.87    -2.87     8.71
-0.75   0.75    -3.62    -3.62    16.79
-1.00   0.75    20.41    20.41     7.64


