# X/m   Y/m  phi/deg phi_error/deg phi_ci/deg
 0.00  -0.75     0.84     0.84     2.67
-0.25  -0.75    17.91    22.31     6.19
#-0.50  -0.75    80.02    88.77    44.08
-0.50  -0.75   124.10   132.84     0.00
-0.50  -0.75    57.99    66.73     0.00
#-0.75  -0.75   105.71   118.71    23.80
-0.75  -0.75   129.30   142.30     0.00
-0.75  -0.75    93.92   106.92     0.00
-1.00  -0.75    69.49    86.59     1.24


 0.00   0.00     0.03     0.03     1.24
-0.25   0.00     1.93     7.64     0.46
-0.50   0.00     6.87    18.18     6.84
-0.75   0.00    47.66    64.36    23.56
-1.00   0.00    87.31   109.12     2.24
-1.25   0.00    94.64   121.20     2.76


 0.00   0.75    -3.37    -3.37     5.36
-0.25   0.75     2.51    10.64     2.48
-0.50   0.75     0.87    16.81     1.92
-0.75   0.75    15.37    38.57     3.40
-1.00   0.75    -9.36    20.39     2.07


