# X/m   Y/m  phi/deg phi_error/deg phi_ci/deg
 0.00  -0.75     1.37     1.37     0.49
-0.25  -0.75    11.46    11.46     9.32
#-0.50  -0.75    72.19    72.19    52.73
-0.50  -0.75   121.36   121.36     0.00
-0.50  -0.75    64.12    64.12     0.00
-0.50  -0.75    31.11    31.11     0.00
#-0.75  -0.75   103.58   103.58    36.86
-0.75  -0.75   121.74   121.74     0.00
-0.75  -0.75    67.26    67.26     0.00
-1.00  -0.75    68.82    68.82     4.43


 0.00   0.00    -0.69    -0.69     0.66
-0.25   0.00     7.53     7.53     1.67
-0.50   0.00    10.64    10.64     3.80
-0.75   0.00    53.11    53.11    17.72
-1.00   0.00    85.24    85.24     3.97
-1.25   0.00    93.48    93.48     2.25


 0.00   0.75    -1.74    -1.74     3.03
-0.25   0.75     3.33     3.33     2.44
-0.50   0.75     9.77     9.77     4.24
-0.75   0.75    20.01    20.01     4.41
-1.00   0.75    -3.03    -3.03     4.42


