# X/m   Y/m  phi/deg phi_error/deg phi_ci/deg
 0.00  -0.75     0.15     0.15     2.55
-0.25  -0.75    -1.79     2.61     6.26
-0.50  -0.75   -11.09    -2.34     4.28
-0.75  -0.75   -19.45    -6.45     1.25
-1.00  -0.75   -21.67    -4.57     3.69


 0.00   0.00    -0.86    -0.86     1.91
-0.25   0.00    -7.65    -1.94     2.36
-0.50   0.00   -15.51    -4.20     2.90
-0.75   0.00   -23.41    -6.71     1.35
-1.00   0.00   -32.80   -11.00     1.48
-1.25   0.00   -37.13   -10.56     2.21


 0.00   0.75    -0.64    -0.64     1.10
-0.25   0.75   -15.65    -7.52     2.41
-0.50   0.75   -23.77    -7.83     2.27
-0.75   0.75   -35.84   -12.64     5.55
-1.00   0.75   -47.31   -17.56     2.10


