# X/m   Y/m  phi/deg phi_error/deg phi_ci/deg
 0.00  -0.75    -1.61    -1.61     3.69
-0.25  -0.75    -6.14    -1.74     4.56
-0.50  -0.75    -9.85    -1.10     1.49
-0.75  -0.75   -16.06    -3.07     2.83
-1.00  -0.75   -21.85    -4.75     3.59


 0.00   0.00    -0.84    -0.84     2.17
-0.25   0.00    -6.10    -0.39     0.10
-0.50   0.00   -14.12    -2.81     0.66
-0.75   0.00   -19.15    -2.45     2.10
-1.00   0.00   -25.59    -3.79     2.69
-1.25   0.00   -32.03    -5.47     5.46


 0.00   0.75    -1.23    -1.23     1.58
-0.25   0.75   -11.80    -3.67     2.07
-0.50   0.75   -20.56    -4.62     2.05
-0.75   0.75   -29.38    -6.18     5.75
-1.00   0.75   -29.99    -0.25     7.14


