# X/m   Y/m  phi/deg phi_error/deg phi_ci/deg
 0.00  -0.75    -0.09    -0.09     1.69
-0.25  -0.75    -0.23    -0.23     2.35
-0.50  -0.75     1.75     1.75     1.97
-0.75  -0.75    -5.28    -5.28     2.12
-1.00  -0.75    -3.19    -3.19     2.33


 0.00   0.00    -1.27    -1.27     1.69
-0.25   0.00    -1.47    -1.47     1.88
-0.50   0.00     3.18     3.18     2.25
-0.75   0.00    -7.38    -7.38     1.67
-1.00   0.00    -3.70    -3.70     2.41
-1.25   0.00   -12.31   -12.31     1.55


 0.00   0.75    -2.28    -2.28     2.30
-0.25   0.75     3.06     3.06     2.54
-0.50   0.75    -6.10    -6.10     4.53
-0.75   0.75     6.23     6.23     1.92
-1.00   0.75   -11.33   -11.33     3.49


