# X/m   Y/m  phi/deg phi_error/deg phi_ci/deg
 0.00  -0.75     1.04     1.04     1.11
-0.25  -0.75    -0.66    -0.66     1.07
-0.50  -0.75     0.12     0.12     1.45
-0.75  -0.75     1.36     1.36     1.40
-1.00  -0.75    -0.08    -0.08     0.55


 0.00   0.00     0.34     0.34     0.88
-0.25   0.00     0.67     0.67     1.26
-0.50   0.00    -0.94    -0.94     0.60
-0.75   0.00    -0.15    -0.15     1.21
-1.00   0.00     1.27     1.27     1.64
-1.25   0.00    -0.04    -0.04     1.67


 0.00   0.75     1.52     1.52     1.57
-0.25   0.75     2.49     2.49     1.59
-0.50   0.75     1.17     1.17     1.37
-0.75   0.75     0.94     0.94     2.31
-1.00   0.75     5.25     5.25     2.39


