# X/m   Y/m  phi/deg phi_error/deg phi_ci/deg
 0.00  -0.75     0.28     0.28     2.03
-0.25  -0.75    -4.15     0.25     1.68
-0.50  -0.75    -7.74     1.00     2.28
-0.75  -0.75   -13.07    -0.07     1.48
-1.00  -0.75   -17.65    -0.55     1.32


 0.00   0.00    -0.27    -0.27     1.25
-0.25   0.00    -2.20     3.51     2.30
-0.50   0.00   -10.37     0.94     1.09
-0.75   0.00   -17.61    -0.91     2.81
-1.00   0.00   -25.08    -3.28     2.07
-1.25   0.00   -25.53     1.04     1.10


 0.00   0.75    -1.92    -1.92     2.21
-0.25   0.75     1.20     9.33     1.88
-0.50   0.75   -14.50     1.45     1.85
-0.75   0.75   -30.12    -6.92     1.29
-1.00   0.75   -31.02    -1.28     1.91


