# X/m   Y/m  phi/deg phi_error/deg phi_ci/deg
 0.00  -0.75    -0.13    -0.13     2.05
-0.25  -0.75     1.12     1.12     1.83
-0.50  -0.75     1.35     1.35     1.34
-0.75  -0.75     1.34     1.34     1.36
-1.00  -0.75    -2.60    -2.60     1.41


 0.00   0.00     1.15     1.15     0.85
-0.25   0.00    -0.42    -0.42     1.33
-0.50   0.00    -0.35    -0.35     1.82
-0.75   0.00     2.30     2.30     1.46
-1.00   0.00     0.87     0.87     1.14
-1.25   0.00    -6.19    -6.19     1.50


 0.00   0.75    -0.31    -0.31     1.29
-0.25   0.75    -1.04    -1.04     2.10
-0.50   0.75    -0.09    -0.09     2.17
-0.75   0.75     3.97     3.97     1.39
-1.00   0.75    16.70    16.70     3.19


