# X/m   Y/m  phi/deg phi_error/deg phi_ci/deg
 0.00  -0.75    -0.14    -0.14     1.88
-0.25  -0.75    -1.77     2.63     0.94
-0.50  -0.75    -7.37     1.37     1.43
-0.75  -0.75   -13.94    -0.95     1.36
-1.00  -0.75   -18.80    -1.70     1.52


 0.00   0.00     0.62     0.62     0.97
-0.25   0.00    -3.01     2.70     0.93
-0.50   0.00   -15.28    -3.97     1.24
-0.75   0.00   -15.51     1.19     2.00
-1.00   0.00   -19.74     2.06     2.05
-1.25   0.00   -27.32    -0.76     2.63


 0.00   0.75    -0.71    -0.71     1.26
-0.25   0.75    -5.68     2.45     1.43
-0.50   0.75   -17.60    -1.65     0.53
-0.75   0.75   -19.70     3.50     1.79
-1.00   0.75   -29.45     0.29     1.73


