# X/m   Y/m  phi/deg phi_error/deg phi_ci/deg
 0.00  -0.75     0.22     0.22     1.04
-0.25  -0.75    -3.72     0.68     0.72
-0.50  -0.75    -8.67     0.08     1.50
-0.75  -0.75   -11.90     1.09     0.80
-1.00  -0.75   -16.02     1.09     1.73


 0.00   0.00    -0.41    -0.41     0.99
-0.25   0.00    -6.42    -0.71     1.50
-0.50   0.00   -10.43     0.88     1.39
-0.75   0.00   -15.92     0.78     0.96
-1.00   0.00   -19.19     2.62     2.75
-1.25   0.00   -26.51     0.06     2.48


 0.00   0.75     1.05     1.05     1.07
-0.25   0.75    -6.87     1.26     0.88
-0.50   0.75   -14.75     1.19     1.55
-0.75   0.75   -24.24    -1.05     1.30
-1.00   0.75   -29.83    -0.09     1.02


